2476199087349754.5,400125595756754.4,639617.7308886606,400125595756754.4,64655745379091.375,103351.83192239792,639617.7308886606,103351.83192239792,0.00019839348230639843,NONE
2230003139341683.5,610807485184421.5,534138.1965125722,610807485184421.5,167302809458105.28,146296.96966947935,534138.1965125722,146296.96966947935,0.00035215648722405457,NONE
8306109228060.086,54277105980921.14,67130.48159793606,54277105980921.14,354679215904935.44,438653.5037280364,67130.48159793606,438653.5037280364,0.0008413437154688747,NONE
2368964799911253.5,693003176074705.8,1027094.8272903514,693003176074705.8,202727119380238.94,300461.5065660959,1027094.8272903514,300461.5065660959,0.0005508220969726994,NONE
2337373247583.967,-2437518523327.361,5058.89660239187,-2437518523327.361,2541954711617.9907,-5273.782464103027,5058.89660239187,-5273.782464103027,0.00017590719891402958,NONE
2436286470059.034,-23237048456090.688,-56431.254542126255,-23237048456090.688,221632598701525.1,538265.1783338774,-56431.254542126255,538265.1783338774,0.0014715740768608799,NONE
52326627659969.414,-48569984895347.555,56725.03820779268,-48569984895347.555,45083039774711.484,-52651.80220113066,56725.03820779268,-52651.80220113066,0.00011642062680299861,NONE
114765482233329.17,85459372319070.61,-191411.6787937571,85459372319070.61,63636767756981.734,-142533.55743683517,-191411.6787937571,-142533.55743683517,0.0004993360661263138,NONE
8330683417414.644,12755057908751.133,-56697.26811311134,12755057908751.133,19529190947282.57,-86803.25996459184,-56697.26811311134,-86803.25996459184,0.0005627295057357338,NONE
1848696116628.2664,-1811414659233.654,3754.0501961794844,-1811414659233.654,1774885123746.0337,-3679.67706704676,3754.0501961794844,-3679.67706704676,0.0001162928806200542,NONE
18022021024915.438,6880380262080.631,14101.390319964672,6880380262080.631,2626766086519.1655,5382.023145177135,14101.390319964672,5382.023145177135,0.00018232164178730523,NONE
1573721456441.178,5375732377569.683,-11401.654408507648,5375732377569.683,18363160939645.816,-38950.352564764136,-11401.654408507648,-38950.352564764136,0.0004990686689287213,NONE
24244664806809.57,11931654236661.104,-17198.383432060506,11931654236661.104,5871987777510.171,-8463.535310997071,-17198.383432060506,-8463.535310997071,0.000337854101448088,NONE
263669685004.5003,1481530177584.982,-8364.280201713244,1481530177584.982,8324556014807.235,-46999.54528291795,-8364.280201713244,-46999.54528291795,0.0008528684079617254,NONE
7792216610934.393,-3315027391688.252,30511.804649607162,-3315027391688.252,1410305621289.2385,-12980.188373367653,30511.804649607162,-12980.188373367653,0.00023937365265514168,NONE
11991985463095.752,28122068493807.55,-74725.94413906433,28122068493807.55,65948274387105.58,-175234.50134539363,-74725.94413906433,-175234.50134539363,0.0010479323080294727,NONE
17716003776986.594,12198299710818.979,-50163.290762383716,12198299710818.979,8399101772766.625,-34539.52346724479,-50163.290762383716,-34539.52346724479,0.0005879120463567565,NONE
12380920923215.443,22128803201865.56,3794.5982496891743,22128803201865.56,39551495562953.695,6778.891999043023,3794.5982496891743,6778.891999043023,0.0004944527161720085,NONE
25891707501535.062,17510810907450.42,-46582.241361607215,17510810907450.42,11842730059945.932,-31506.769657225814,-46582.241361607215,-31506.769657225814,0.0005240376473328907,NONE
18059825669.081516,235194778619.36505,-85.85661437105422,235194778619.36505,3062965807915.887,-1109.3927172199549,-85.85661437105422,-1109.3927172199549,0.0002509470027297572,NONE
9042498188257.67,-1605876478697.7114,-20947.162560751854,-1605876478697.7114,285191117159.9474,3718.2188414825177,-20947.162560751854,3718.2188414825177,0.000224569558355221,NONE
2790934881552.966,-3973860223182.1475,1525.5830157970233,-3973860223182.1475,5658163526220.578,-2169.5842544043517,1525.5830157970233,-2169.5842544043517,0.00015692627678826702,NONE
1631900637868.7095,-3018711599446.895,-2653.277452917215,-3018711599446.895,5584054116588.492,4910.844807920545,-2653.277452917215,4910.844807920545,0.00013728022584216811,NONE
1188943159.0143971,-18463039821.583626,155.22122390730243,-18463039821.583626,286729617261.0947,-2422.7050787688718,155.22122390730243,-2422.7050787688718,0.00011905981678895128,NONE
311898188033.51544,429252680319.2841,-264.4638348910223,429252680319.2841,590763314131.3464,-360.1150651893054,-264.4638348910223,-360.1150651893054,0.00020433039316779773,NONE
35473449975326.07,23119514790420.137,-17239.975387439183,23119514790420.137,15067944452499.143,-11241.727206823876,-17239.975387439183,-11241.727206823876,0.0002924395533634413,NONE
8113342378015.078,-64217424696.31488,-7711.247303528814,-64217424696.31488,508466187.1027907,57.343081943226935,-7711.247303528814,57.343081943226935,0.00014471390268747442,NONE
949056065406.3561,-1610778466130.0095,-4604.596741806053,-1610778466130.0095,2733882356171.11,7815.464776766691,-4604.596741806053,7815.464776766691,0.00043461235958120863,NONE
2780238265.4941344,388234747602.1858,60.713402539369426,388234747602.1858,54217253598046.7,8161.810200914344,60.713402539369426,8161.810200914344,0.00013056041670381997,NONE
7957320644552.391,-14965676142508.127,-3060.9109017947258,-14965676142508.127,28146592701109.34,5757.673475606298,-3060.9109017947258,5757.673475606298,0.00012229205488066834,NONE
3786728028617.883,-11275989273085.615,-2334.7627980728544,-11275989273085.615,33577257029459.26,6962.241834305934,-2334.7627980728544,6962.241834305934,0.00018085405960020518,NONE
14325091525096.371,-55059096925461.48,-651.2916057317447,-55059096925461.48,211621979662810.88,2517.1275974050145,-651.2916057317447,2517.1275974050145,9.973307566934835e-05,NONE
16132246076250.97,-27396151090749.504,1463.3149051953023,-27396151090749.504,46524774211402.61,-2481.066822077595,1463.3149051953023,-2481.066822077595,5.202556241133878e-05,NONE
4252903155102.3706,-3940443093583.7505,3414.0798315801567,-3940443093583.7505,3650939576671.306,-3163.893331002611,3414.0798315801567,-3163.893331002611,3.939775072379812e-05,NONE
1030442953958.9443,-189051952655.26755,-87.89688539506747,-189051952655.26755,34684948978.99742,15.432041065238419,-87.89688539506747,15.432041065238419,3.461403198094667e-05,NONE
10568259022.908224,53152862559.32998,209.5148390586332,53152862559.32998,267333555864.27222,1049.6841418201516,209.5148390586332,1049.6841418201516,3.9712002333558025e-05,NONE
1186731313790.3723,-135191099036.55127,-360.41329964034463,-135191099036.55127,15400873148.125153,40.886663550160684,-360.41329964034463,40.886663550160684,4.285211660529378e-05,NONE
4146954853361.5293,-3534043067891.933,-1384.5292670879053,-3534043067891.933,3011718534492.8447,1180.0807569582469,-1384.5292670879053,1180.0807569582469,4.526320720118413e-05,NONE
50536115952.11207,296131331148.59265,682.6118020759802,296131331148.59265,1735271284858.67,3999.4097354976984,682.6118020759802,3999.4097354976984,8.742305443020704e-05,NONE
1682803262655.8674,108001906002.23468,-1681.526966091891,108001906002.23468,6931556912.246279,-107.9908461104873,-1681.526966091891,-107.9908461104873,5.704873654806935e-05,NONE
4370252785752.575,-722937963701.4518,1355.4374597327644,-722937963701.4518,119590216219.30052,-223.93602415226246,1355.4374597327644,-223.93602415226246,6.556301096167496e-05,NONE
263174090919316.88,-142834799312362.16,-56466.69094927228,-142834799312362.16,77521993084833.03,30641.486784612553,-56466.69094927228,30641.486784612553,0.0003591025419060269,NONE
194898813294280.4,-78454631814776.14,-183194.6734561235,-78454631814776.14,31581153254179.03,73740.0724348678,-183194.6734561235,73740.0724348678,0.0005238140191685813,NONE
7981333531389.444,-14774703495776.15,-1663.4723549911844,-14774703495776.15,27350301023497.453,3057.3339862407597,-1663.4723549911844,3057.3339862407597,0.0004740872197623376,NONE
163509759305686.84,-84363666329540.89,365.6572513678781,-84363666329540.89,43527850019735.05,-201.20023682903098,365.6572513678781,-201.20023682903098,0.0007104392276383822,NONE
77549726919342.44,-3162870409583.7812,-102808.76157331257,-3162870409583.7812,128998058395.04033,4193.260208143851,-102808.76157331257,4193.260208143851,0.00043438237061869603,NONE
9232708521240.375,2082915158046.0164,-36295.60214112366,2082915158046.0164,469909362229.8845,-8187.438800485654,-36295.60214112366,-8187.438800485654,0.0005232556905393997,NONE
21506406704473.11,-708190298588.2742,34132.34005915287,-708190298588.2742,23320264072.045048,-1121.0637129203176,34132.34005915287,-1121.0637129203176,0.001200713768728228,NONE
1453181680614.078,1773736706053.0906,6085.87602545332,1773736706053.0906,2165002683215.127,7429.928083126731,6085.87602545332,7429.928083126731,0.00010441745380472252,NONE
436183028423.9917,-144466881340.47763,-4665.190218184027,-144466881340.47763,47848499836.05774,1544.2308322916288,-4665.190218184027,1544.2308322916288,0.00016378930444562313,NONE
9796813738913.475,-3764453106273.3403,-21655.53886701495,-3764453106273.3403,1446502008283.8193,8314.85095129973,-21655.53886701495,8314.85095129973,0.00036480294960302757,NONE
2512793788140.6157,8743377537486.063,23751.507475603958,8743377537486.063,30422971152644.715,82648.17744511632,23751.507475603958,82648.17744511632,0.00039257588012302377,NONE
13621318717777.174,-4849642777428.944,-22720.22996186183,-4849642777428.944,1726634417773.828,8086.23018812456,-22720.22996186183,8086.23018812456,0.0003194394585481718,NONE
40819182647382.0,990800163411.2178,37537.50004769951,990800163411.2178,24049924353.259186,903.2224158627798,37537.50004769951,903.2224158627798,0.0005394837163132741,NONE
616147193226675.6,-257992144076841.8,-368751.8336929362,-257992144076841.8,108026048575573.97,154403.34656995858,-368751.8336929362,154403.34656995858,0.0004204107751412905,NONE
7636052155810.348,-22655335816751.047,-21959.586079840887,-22655335816751.047,67215917343799.875,65148.84858690149,-21959.586079840887,65148.84858690149,0.0002514715302493412,NONE
1429437659004649.0,202536931959685.2,1502814.8117151225,202536931959685.2,28697445634424.23,212934.2111481226,1502814.8117151225,212934.2111481226,0.0026189076261276065,NONE
2278969778998216.0,-671118549963502.1,-10585.82100047104,-671118549963502.1,197633208942999.78,3121.9771521250113,-10585.82100047104,3121.9771521250113,8.777487734233167e-05,NONE
1.0867648868572772e+16,-2023494853672266.5,1040351.2774521754,-2023494853672266.5,376763317908081.4,-193711.6103573996,1040351.2774521754,-193711.6103573996,0.0002987450472906862,NONE
331008707027668.25,-206459211357339.0,-869343.630671137,-206459211357339.0,128774274459168.55,542246.4007603988,-869343.630671137,542246.4007603988,0.0038134576845585888,NONE
178181382078929.53,15845670038952.496,118807.6855729,15845670038952.496,1409155618473.017,10563.806469649266,118807.6855729,10563.806469649266,0.00025709545269764005,NONE
237136145450441.3,-52766372236397.78,10709.25838608755,-52766372236397.78,11741314654832.9,-2384.860872979212,10709.25838608755,-2384.860872979212,0.0001718085508314634,NONE
150931747471179.62,-63114900021074.68,-46014.17385201527,-63114900021074.68,26392662558280.16,19244.496197914843,-46014.17385201527,19244.496197914843,0.0002949351348405343,NONE
184845467655852.44,51140480165084.02,-60975.30374246768,51140480165084.02,14148838856779.076,-16870.203691760842,-60975.30374246768,-16870.203691760842,0.00015568060271898437,NONE
165829003082080.9,-165003476621857.03,-187863.51532546725,-165003476621857.03,164182059889662.66,186928.12132551215,-187863.51532546725,186928.12132551215,0.00029926954978298434,NONE
34170880542343.47,227048241133369.2,-108016.38175391011,227048241133369.2,1508620949676984.0,-717757.5386985464,-108016.38175391011,-717757.5386985464,0.0012688630261531721,NONE
614315625090909.2,-239800321002693.97,-278809.569364593,-239800321002693.97,93606920695854.64,108833.88176784816,-278809.569364593,108833.88176784816,0.0002927094876903542,NONE
9313548320842.873,-71552167590440.77,18824.87310147888,-71552167590440.77,549705948366848.5,-144650.42466944395,18824.87310147888,-144650.42466944395,0.00012965149491026028,NONE
23463537202710.633,69618361715484.52,123618.40335697382,69618361715484.52,206563757182237.0,366841.28817291005,123618.40335697382,366841.28817291005,0.0018448357759792606,NONE
41774983490391.15,46954338521359.086,-17120.83999466163,46954338521359.086,52775842011741.86,-19244.753420197572,-17120.83999466163,-19244.753420197572,2.0026015840142458e-05,NONE
316314830585521.56,-159872226270504.34,226093.15400494274,-159872226270504.34,80802816277951.22,-114282.69816188897,226093.15400494274,-114282.69816188897,0.0003844685307122291,NONE
330757124561192.7,-349414376897514.7,807501.7416032014,-349414376897514.7,369124042813278.06,-853064.3819163333,807501.7416032014,-853064.3819163333,0.0026425889551539073,NONE
167388948558771.94,-139956410423395.9,625475.4811295943,-139956410423395.9,117019653991770.2,-522973.0537221715,625475.4811295943,-522973.0537221715,0.0028396755380816906,NONE
121815777720129.75,119239497610838.34,-231561.4765024129,119239497610838.34,116717703404091.06,-226664.5545667338,-231561.4765024129,-226664.5545667338,0.0006435011619827158,NONE
1403364174886.017,3285377086110.8496,62076.39795291767,3285377086110.8496,7691309648764.713,145354.989977596,62076.39795291767,145354.989977596,0.0034345974733703474,NONE
9879015880980.305,17152071962172.068,10053.594297670097,17152071962172.068,29779646684889.973,17458.69064783195,10053.594297670097,17458.69064783195,0.0003396550404161669,NONE
58784403788471.06,1844407979491.4873,-50938.074654856515,1844407979491.4873,57869996356.56756,-1597.1762536033311,-50938.074654856515,-1597.1762536033311,0.0002887313873767436,NONE
811649629421.9326,-819384607970.9207,-1837.6989952961537,-819384607970.9207,827193818033.2966,1847.9680073806762,-1837.6989952961537,1847.9680073806762,0.00018977276079540557,NONE
21821818860.295597,405385502616.1612,435.936047258246,405385502616.1612,7531131406871.284,8275.999949824358,435.936047258246,8275.999949824358,0.0002678583099790661,NONE
70779721420283.4,16104709534555.594,-3985.7290574376616,16104709534555.594,3664350357552.8823,-907.2647911250984,-3985.7290574376616,-907.2647911250984,9.214447146153923e-05,NONE
13977604178174.014,11408489306799.537,-12474.147514779102,11408489306799.537,9311583588205.46,-10182.300336448094,-12474.147514779102,-10182.300336448094,0.00015107465364208093,NONE
22357603924931.59,-22552315491104.473,-2079.9058450197385,-22552315491104.473,22748722940592.254,2097.1569685047198,-2079.9058450197385,2097.1569685047198,7.6816666494259e-05,NONE
16570653436579.68,3284781650856.874,-17110.68366221124,3284781650856.874,651138763799.9594,-3392.546828448614,-17110.68366221124,-3392.546828448614,0.00017053069759711645,NONE
123937204302315.16,53862353854484.11,-5921.2104559690315,53862353854484.11,23408251677557.82,-2574.701464763816,-5921.2104559690315,-2574.701464763816,0.0002139705308236243,NONE
61225866583869.32,9702069028975.465,-37137.499877990806,9702069028975.465,1537424559738.4758,-5884.267276381913,-37137.499877990806,-5884.267276381913,0.00036432789327495293,NONE
2935560877669.147,-3123176680275.2944,-9903.084764293168,-3123176680275.2944,3322783569099.6274,10530.486438068747,-9903.084764293168,10530.486438068747,0.0002972603836848284,NONE
45814036875586.484,88199717671884.83,-10754.449379797265,88199717671884.83,169799276366950.0,-20697.02110845931,-10754.449379797265,-20697.02110845931,0.00022820343767620987,NONE
44207850966923.56,13645681113549.508,-44102.32176764077,13645681113549.508,4212026979272.5728,-13617.925005566472,-44102.32176764077,-13617.925005566472,0.00017292228023146756,NONE
9566121000954.543,38799757281707.84,-25740.976944908747,38799757281707.84,157370080863574.28,-104425.04315319165,-25740.976944908747,-104425.04315319165,0.0002449482261625372,NONE
8947686641128.799,15711055135135.97,-25060.83200230294,15711055135135.97,27586712451923.688,-44011.24555845372,-25060.83200230294,-44011.24555845372,0.0009052375348579757,NONE
234963184286707.53,219059995065331.2,-493503.49801764253,219059995065331.2,204233193738657.78,-460082.1900746456,-493503.49801764253,-460082.1900746456,0.0032520657048646876,NONE
63101065722232.58,-7763882508103.317,12337.249896212104,-7763882508103.317,955259245043.1045,-1518.6384980527998,12337.249896212104,-1518.6384980527998,0.00010582152072789893,NONE
10655073291876.303,-4587708627574.152,-16105.277654560647,-4587708627574.152,1975309840497.4946,6935.611415388978,-16105.277654560647,6935.611415388978,0.0003074082935747812,NONE
55420832541931.3,-22156560960752.258,-29533.09754330351,-22156560960752.258,8857918153117.973,11807.255723127333,-29533.09754330351,11807.255723127333,0.00014055861598739682,NONE
339882097615829.1,-188905299792635.03,-160206.84063162617,-188905299792635.03,104992915789868.67,89041.16047264024,-160206.84063162617,89041.16047264024,0.00023138055858828288,NONE
1164249515755704.8,128616757715602.33,-1081406.9611457754,128616757715602.33,14208526836213.135,-119466.37059548408,-1081406.9611457754,-119466.37059548408,0.0011217874648972758,NONE
875306059995201.2,7639536446441.592,-645630.6360861139,7639536446441.592,66677082348.5849,-5643.114905456059,-645630.6360861139,-5643.114905456059,0.0007515565500300249,NONE
1786858687478.287,-3733574565893.9067,-2700.5463805310674,-3733574565893.9067,7801167298038.333,5638.859615404638,-2700.5463805310674,5638.859615404638,0.0003701565200920345,NONE
16835273973526.38,-76014245222661.86,68785.09832604353,-76014245222661.86,343217791836116.9,-310577.93158377934,68785.09832604353,-310577.93158377934,0.0006196992463335414,NONE
104454507509221.27,-48931955958827.914,41921.220294652005,-48931955958827.914,22922288314722.277,-19637.95906784353,41921.220294652005,-19637.95906784353,0.0003118170704379136,NONE
3405038724312.2456,-24684226778441.293,24906.932522199466,-24684226778441.293,178943959887232.34,-180552.40529352697,24906.932522199466,-180552.40529352697,0.0006264645951839875,NONE
430010964309.1235,13454636380921.482,-11937.07122673015,13454636380921.482,420983000685273.1,-373492.7047133682,-11937.07122673015,-373492.7047133682,0.0007360732793012626,NONE
18140462596682.04,32286773657826.652,-25207.75232677631,32286773657826.652,57464675252204.35,-44865.92465272582,-25207.75232677631,-44865.92465272582,0.0003263703537575364,NONE
679619199141422.2,-95461817173165.64,220009.99332028025,-95461817173165.64,13408919196031.807,-30907.920870338436,220009.99332028025,-30907.920870338436,0.00022616700893055914,NONE
1157084610667498.2,79145544019002.14,39391.00727360411,79145544019002.14,5413621294406.432,2695.901212234626,39391.00727360411,2695.901212234626,0.00026463602627992865,NONE
181270552354437.9,-2538282857685.1626,86019.7223649404,-2538282857685.1626,35543077002.58815,-1192.799324383424,86019.7223649404,-1192.799324383424,0.0018357377834397853,NONE
2051622432962964.8,-195565095610239.8,-128683.83640138527,-195565095610239.8,18641689637253.164,12268.638154069979,-128683.83640138527,12268.638154069979,0.00026891833199047514,NONE
1872645109001266.0,-144492202060744.06,123376.04241035122,-144492202060744.06,11148934775784.953,-9532.150465189481,123376.04241035122,-9532.150465189481,0.0005975304725123406,NONE
6328373246172.16,14466055271289.44,6539.996558318632,14466055271289.44,33068057715462.02,15056.787514138847,6539.996558318632,15056.787514138847,0.0005081122837621796,NONE
506542964251470.3,17592381197979.83,127268.15222063957,17592381197979.83,610988653068.0236,4421.589572999041,127268.15222063957,4421.589572999041,0.000102025341262663,NONE
599179614099043.4,87605621139531.9,12698.160241993843,87605621139531.9,12808755421841.158,1862.4622678213414,12698.160241993843,1862.4622678213414,0.0002865828583091978,NONE
83239595091861.02,-13954372765042.127,-21595.74041926817,-13954372765042.127,2339325749332.5747,3620.1163864252558,-21595.74041926817,3620.1163864252558,0.0004946702450510807,NONE
452541529021135.0,-306163013782335.4,-22261.813411828418,-306163013782335.4,207131910191903.78,15055.022423034447,-22261.813411828418,15055.022423034447,0.00016665135785093638,NONE
937154553509852.0,-20818357903592.535,-87674.47678532237,-20818357903592.535,462468641609.1473,1930.5275466538465,-87674.47678532237,1930.5275466538465,0.0008342260689033524,NONE
145219541825717.53,47838248532780.12,47783.5407442461,47838248532780.12,15758885044095.256,15743.968283394723,47783.5407442461,15743.968283394723,9.649765683046698e-05,NONE
11137035290262.91,19097768592509.555,-46666.03050400525,19097768592509.555,32748823319871.152,-80001.7750640912,-46666.03050400525,-80001.7750640912,0.0004937350660738883,NONE
272417596366887.25,-13616522180447.719,-575619.3282177121,-13616522180447.719,680608434880.9698,28774.256818750804,-575619.3282177121,28774.256818750804,0.003170472520315697,NONE
81778698470848.52,-16755256147364.684,-99920.23740957807,-16755256147364.684,3432906362196.8643,20472.760143547883,-99920.23740957807,20472.760143547883,0.0003216969806517153,NONE
32325300035983.387,14362194415228.344,22177.130097116675,14362194415228.344,6381151388876.811,9851.584143053604,22177.130097116675,9851.584143053604,0.00019848384616834357,NONE
83485191124844.72,-55615446649329.96,-342893.6207928872,-55615446649329.96,37049420456032.234,228426.02170987043,-342893.6207928872,228426.02170987043,0.003527602236360206,NONE
62868298944771.61,-1973124145897.1228,6573.4600935347335,-1973124145897.1228,61926595778.60877,-206.38253178429346,6573.4600935347335,-206.38253178429346,1.612918199784855e-05,NONE
170960863412584.78,40281743727266.07,122133.90869086912,40281743727266.07,9491172754975.676,28761.160969695997,122133.90869086912,28761.160969695997,0.00045999475043348887,NONE
10033767867218.393,-7326515916672.393,9763.971801172711,-7326515916672.393,5349722139136.454,-7172.045154588738,9763.971801172711,-7172.045154588738,0.0005894829948158505,NONE
2071372184586.705,7892942952748.974,-2903.7868307604876,7892942952748.974,30075992424722.113,-11029.703913609645,-2903.7868307604876,-11029.703913609645,0.00012131150061683557,NONE
37752808611786.77,11113368593658.05,23890.529044680847,11113368593658.05,3271464654709.895,7029.499494701059,23890.529044680847,7029.499494701059,0.00012123044903210191,NONE
1685981405714.5989,501420712979.2697,-9042.58461248639,501420712979.2697,149125635386.40332,-2693.0056732154544,-9042.58461248639,-2693.0056732154544,0.0007955486252981727,NONE
9497819632572.236,912471719029.708,-4946.696672689073,912471719029.708,87662784392.49576,-474.6793030532054,-4946.696672689073,-474.6793030532054,9.868763143428362e-05,NONE
37085731558203.68,-23427674436506.664,27397.898328019925,-23427674436506.664,14799652395590.047,-17309.268268592037,27397.898328019925,-17309.268268592037,0.0001541673146986793,NONE
70837810472085.67,-80648236863912.58,-144490.87396985517,-80648236863912.58,91817322940167.86,164499.49602778818,-144490.87396985517,164499.49602778818,0.0007193021656812131,NONE
1507157468034.3342,7162806068050.157,-7338.210875722301,7162806068050.157,34041435173360.805,-34815.50765480481,-7338.210875722301,-34815.50765480481,0.0006369796795884188,NONE
1426259758452.035,-38685804884.59148,-17445.055329252245,-38685804884.59148,1049466202.6947197,470.28173018312646,-17445.055329252245,470.28173018312646,0.0006566260144101908,NONE
113904452640557.78,-112941408166781.31,-24783.96192190615,-112941408166781.31,111986506194226.08,24573.906058836907,-24783.96192190615,24573.906058836907,0.00011038426212017789,NONE
32642672203792.082,15559529417874.8,63765.036943638035,15559529417874.8,7416640408651.961,30394.949614923567,63765.036943638035,30394.949614923567,0.000536392478922442,NONE
9643023654961.541,46262393173017.91,40711.35696381846,46262393173017.91,221943771783089.84,195297.8015857792,40711.35696381846,195297.8015857792,0.0006276625573816411,NONE
43991825139789.63,-62903220067127.65,75952.04718585109,-62903220067127.65,89944327160673.69,-108599.52819827481,75952.04718585109,-108599.52819827481,0.00045084605859203294,NONE
1155689364735.4497,12936460398488.209,13013.572307281232,12936460398488.209,144807111121497.3,145628.47215408945,13013.572307281232,145628.47215408945,0.0007774938264758035,NONE
2211086690344.5547,-7710478460883.316,-6392.076350680408,-7710478460883.316,26887902084757.35,22320.025517697715,-6392.076350680408,22320.025517697715,0.0007138291084399585,NONE
3746987248583.375,-225510250560.72076,-2655.0325094440855,-225510250560.72076,13572257406.37769,158.94456152061701,-2655.0325094440855,158.94456152061701,0.00017026135445778295,NONE
22947771766563.527,98090334401.42958,30458.973397280715,98090334401.42958,419373801.22590023,127.95041454482492,30458.973397280715,127.95041454482492,0.0005713592177755006,NONE
30021714290110.754,79655987191704.33,68097.00396210738,79655987191704.33,211349566783539.28,180684.32288413335,68097.00396210738,180684.32288413335,0.0003346106957341019,NONE
429908919233337.3,271645949303504.25,-733518.7520426243,271645949303504.25,171644547979856.94,-463498.3659665877,-733518.7520426243,-463498.3659665877,0.002204928434333822,NONE
92205559587534.19,62481033100504.625,529793.3996736924,62481033100504.625,42338873548324.17,358986.40431975626,529793.3996736924,358986.40431975626,0.004294759108540274,NONE
14967915830652.283,-27821260931490.09,-147200.982649209,-27821260931490.09,51712113660822.695,273597.54190698604,-147200.982649209,273597.54190698604,0.0019696345023394075,NONE
457342179072704.2,364113005136058.25,285254.27732704196,364113005136058.25,289888592466221.56,227106.23780228058,285254.27732704196,227106.23780228058,0.00034037619508830617,NONE
3552893457106.774,-6044970331900.068,12678.25810259034,-6044970331900.068,10285045138611.174,-21585.269574162816,12678.25810259034,-21585.269574162816,0.000585954547981731,NONE
78433642582513.6,-24144992213943.35,11968.434363311042,-24144992213943.35,7432788263782.625,-3681.8959926140465,11968.434363311042,-3681.8959926140465,0.0011624583747670283,NONE
42551370656730.41,-22398968646877.824,2440.0267589760574,-22398968646877.824,11790778806669.035,-1284.9021975170115,2440.0267589760574,-1284.9021975170115,0.00026267379215930706,NONE
132264774326998.22,-16619159942132.68,184244.79056977443,-16619159942132.68,2088208923175.1252,-23150.344993586947,184244.79056977443,-23150.344993586947,0.0007424573006511208,NONE
110540637155532.61,-50570735845839.19,5235.097054858058,-50570735845839.19,23135377360560.727,-2398.543830089148,5235.097054858058,-2398.543830089148,0.0009985296002550728,NONE
239725881174932.06,234234949298934.53,257919.00410009542,234234949298934.53,228869787897482.38,252016.68769015188,257919.00410009542,252016.68769015188,0.0006661085234493627,NONE
62193775949402.984,-37258931034075.516,69924.90137329315,-37258931034075.516,22321011287875.67,-41901.402351445824,69924.90137329315,-41901.402351445824,0.0005357020785576956,NONE
65855220220513.484,36725317471134.95,71215.30520944844,36725317471134.95,20480516990012.63,39723.249625657954,71215.30520944844,39723.249625657954,0.0009903541398231627,NONE
2274629954342.473,202978671887.23145,-3103.6127647367853,202978671887.23145,18113136769.00564,-277.8525156663104,-3103.6127647367853,-277.8525156663104,0.0003773398449979211,NONE
62295834252650.484,32965523052314.754,5414.86586485596,32965523052314.754,17444597149270.625,2863.730990161596,5414.86586485596,2863.730990161596,0.00048032738573770237,NONE
8231325871.015946,158015433133.0236,-278.9025054494726,158015433133.0236,3033510378526.002,-5371.252703318795,-278.9025054494726,-5371.252703318795,0.00022000913999884424,NONE
44523669453968.51,-52199157173486.445,43268.842479598636,-52199157173486.445,61197831665381.38,-50722.76839497517,43268.842479598636,-50722.76839497517,0.00103566767122328,NONE
4576119419342.119,-33904719942463.824,5562.548437028723,-33904719942463.824,251201942258328.03,-41226.42607948035,5562.548437028723,-41226.42607948035,0.00027531441828725886,NONE
34591998088938.69,-30104966591807.875,-45681.00213792505,-30104966591807.875,26199961721821.168,39745.49843261927,-45681.00213792505,39745.49843261927,0.0007365922115748258,NONE
44012047414532.2,-89384736377295.0,107710.1307212108,-89384736377295.0,181532821505007.3,-218751.71818327546,107710.1307212108,-218751.71818327546,0.0006184805061489389,NONE
50550762201558.82,-64630045060682.65,10575.810185438891,-64630045060682.65,82630658422574.73,-13519.720620174585,10575.810185438891,-13519.720620174585,0.00017489841574832928,NONE
18103738672441.453,1010576837102.8845,371.0234586567335,1010576837102.8845,56411892477.977554,20.899091446098726,371.0234586567335,20.899091446098726,0.00023199798635579433,NONE
1706857284102.2722,-6682596897315.306,-7569.218956562126,-6682596897315.306,26163350662390.312,29635.07786503383,-7569.218956562126,29635.07786503383,0.00028145465069614545,NONE
362895544507.00916,264571210946.27847,-2011.8888892327384,264571210946.27847,192887283550.17224,-1466.9554618741745,-2011.8888892327384,-1466.9554618741745,0.00034798548053299906,NONE
7031057050232.328,399861440057.36115,-1130.7245743073056,399861440057.36115,22740500507.90012,-62.05234659712817,-1130.7245743073056,-62.05234659712817,0.00038856298660692903,NONE
20598230308344.965,29651350073499.555,-3426.9633828963006,29651350073499.555,42683407059861.49,-4903.320856275707,-3426.9633828963006,-4903.320856275707,0.0005562989522800837,NONE
590657358705.0223,450519631774.19006,3073.3294535494506,450519631774.19006,343631099424.9611,2344.2655925350805,3073.3294535494506,2344.2655925350805,0.0001696415737240452,NONE
29074693958324.406,27830299970166.273,14695.822063547066,27830299970166.273,26639167220739.09,14069.288107488577,14695.822063547066,14069.288107488577,0.000400607278394134,NONE
32060742701851.34,21069502145551.04,-2563.6227200308263,21069502145551.04,13846342694781.807,-1639.1436928465844,-2563.6227200308263,-1639.1436928465844,0.0008551899555050682,NONE
9432342906158.982,-8344908822109.974,17514.015828272444,-8344908822109.974,7382844740301.411,-15523.193303775439,17514.015828272444,-15523.193303775439,0.0005050359415151195,NONE
375218968268.83954,2072919072674.1145,491.9125282623966,2072919072674.1145,11451970487396.371,2720.8526033663597,491.9125282623966,2720.8526033663597,6.423322467954798e-05,NONE
17804107745465.176,12606551517711.473,-2673.2753786047333,12606551517711.473,8926320335513.832,-1868.2963912765904,-2673.2753786047333,-1868.2963912765904,0.0004988589201853207,NONE
25760565478341.223,1705532102020.0464,19009.34519002825,1705532102020.0464,112918551036.0232,1262.5734774489217,19009.34519002825,1262.5734774489217,0.0005210172951503912,NONE
9804152048706.926,7212291194661.6455,-9574.22720454468,7212291194661.6455,5305625013061.412,-7035.335472753308,-9574.22720454468,-7035.335472753308,0.00021012232664479967,NONE
12052286279173.508,10356166192378.053,-9982.198104538013,10356166192378.053,8898742391927.936,-8562.115713069656,-9982.198104538013,-8562.115713069656,0.0007877604146262128,NONE
17686516905162.973,10638583872484.096,-1070.1920548361018,10638583872484.096,6399195598976.906,-631.2012133749987,-1070.1920548361018,-631.2012133749987,0.00038688328938666955,NONE
2977269370217.795,912378879238.7363,2680.028897032895,912378879238.7363,279596950852.6941,821.6424164425941,2680.028897032895,821.6424164425941,0.0002561470356385829,NONE
10120852658.805513,-84905959517.71367,-43.68293543111346,-84905959517.71367,712301391528.7738,362.87558228479,-43.68293543111346,362.87558228479,0.00020281874299113672,NONE
940189911015.346,-74230058992.29996,-417.2742666028426,-74230058992.29996,5860651576.2795925,32.781238118091544,-417.2742666028426,32.781238118091544,3.363589093018355e-05,NONE
864591468629.6349,1367614709980.5762,1332.3536139558278,1367614709980.5762,2163299475545.9634,2101.8061112888477,1332.3536139558278,2101.8061112888477,0.0003364735753035696,NONE
657834891563.9583,-5633376449526.103,-1313.4801698274339,-5633376449526.103,48241497875428.73,11260.486384763086,-1313.4801698274339,11260.486384763086,0.00010052302934847008,NONE
8687930079532.913,-17570591425478.02,6213.5183235026825,-17570591425478.02,35535011702471.64,-12555.180962771028,6213.5183235026825,-12555.180962771028,0.0002296049035858715,NONE
9364482597371.896,-212502497842.0452,-8455.779895739384,-212502497842.0452,4822221222.727902,190.85685826455364,-8455.779895739384,190.85685826455364,0.00019661376444590097,NONE
69895682368707.2,-210318212416709.53,82.00851099412002,-210318212416709.53,632853838175911.4,-243.96764359256136,82.00851099412002,-243.96764359256136,0.00012687593972302084,NONE
1128019056411.5784,-3567419125819.6685,50.46192397017626,-3567419125819.6685,11282150312152.725,-156.99014433849337,50.46192397017626,-156.99014433849337,4.474818668936112e-05,NONE
3734768550249.21,-15672662849794.305,12882.190465455084,-15672662849794.305,65769105425549.484,-54043.27508386527,12882.190465455084,-54043.27508386527,0.00016091709470479108,NONE
315252350798719.6,875795852435.1937,-294878.6022436883,875795852435.1937,2433341117.903443,-815.0888021366477,-294878.6022436883,-815.0888021366477,0.0005642527083013523,NONE
43746058537614.55,-111317698815195.22,148625.86838382808,-111317698815195.22,283262779441685.6,-378192.70003697684,148625.86838382808,-378192.70003697684,0.0010992202765388772,NONE
98436146321638.14,-71238273529827.12,-115942.76130143687,-71238273529827.12,51555163932859.11,83907.89774232615,-115942.76130143687,83907.89774232615,0.0003573584754890528,NONE
304294675915113.06,-211090092949189.3,-55904.86896531324,-211090092949189.3,146433805539601.03,38782.386863631415,-55904.86896531324,38782.386863631415,8.033796861604024e-05,NONE
14380826717562.182,3285896904195.035,-130516.69357312804,3285896904195.035,750799687516.0822,-29827.412064122065,-130516.69357312804,-29827.412064122065,0.002169632506333547,NONE
189733116853298.4,131326587411639.72,-61509.92482763883,131326587411639.72,90899642956986.89,-42576.12185326047,-61509.92482763883,-42576.12185326047,0.00016384313414423735,NONE
80652995163848.55,54048366031667.805,-68949.50379086584,54048366031667.805,36219683302067.46,-46199.83086233159,-68949.50379086584,-46199.83086233159,0.000183874484390597,NONE
744105648875575.6,-444827956295369.1,311884.6290601316,-444827956295369.1,265919108912190.1,-186452.35386896032,311884.6290601316,-186452.35386896032,0.0004490871473665217,NONE
81200836089071.28,66419402164967.94,-503849.28680457524,66419402164967.94,54328716141359.1,-412169.30558255344,-503849.28680457524,-412169.30558255344,0.005740264787563422,NONE
268453798944564.53,-193248979928785.62,-42046.76907909691,-193248979928785.62,139112087463305.19,30258.358859317,-42046.76907909691,30258.358859317,0.001591523205641787,NONE
262761458917944.44,-402420081781639.1,88353.05603430126,-402420081781639.1,616307751862292.8,-135296.42152927394,88353.05603430126,-135296.42152927394,0.0006079154333321047,NONE
1460518319619346.5,-249638189350758.72,-1112484.781681124,-249638189350758.72,42669253442370.68,190139.89994229763,-1112484.781681124,190139.89994229763,0.0039322407537494795,NONE
748954693345339.9,127855397123119.58,372342.7117535503,127855397123119.58,21826425790848.555,63591.943049208414,372342.7117535503,63591.943049208414,0.0010001487451489495,NONE
496351426323008.3,-514296402953237.6,-295187.17453676293,-514296402953237.6,532890161534944.06,305860.90781914647,-295187.17453676293,305860.90781914647,0.0004700621549080632,NONE
132611534769189.12,-5524168358850.018,-105929.78789097462,-5524168358850.018,230119710244.06314,4413.9039862010895,-105929.78789097462,4413.9039862010895,0.0010473717282119728,NONE
259007917169246.0,-142097084657410.62,-150205.50878567138,-142097084657410.62,77957391280038.19,82398.86221401743,-150205.50878567138,82398.86221401743,0.0008274380736322658,NONE
155796211526571.72,-57379275418498.19,-289380.218952472,-57379275418498.19,21132614400687.12,106578.42307774644,-289380.218952472,106578.42307774644,0.0013520001173483438,NONE
132403616682945.61,88973037353889.44,-288028.4595906649,88973037353889.44,59788407649229.69,-193554.54251120402,-288028.4595906649,-193554.54251120402,0.0008394167029262669,NONE
223041967858783.16,10861147092273.559,-547809.1472569224,10861147092273.559,528889475960.1009,-26671.56614022587,-547809.1472569224,-26671.56614022587,0.002687451396018099,NONE
45004898065519.63,-28054990773920.97,-37412.1398350582,-28054990773920.97,17488818929726.604,23323.040313277703,-37412.1398350582,23323.040313277703,0.00022609767426532681,NONE
6995216749449.121,-292810650466.36975,-10968.466006709972,-292810650466.36975,12256791910.529772,457.6741884754988,-10968.466006709972,457.6741884754988,7.203380960816849e-05,NONE
4524422658995.533,22265071509047.22,-40532.33581059674,22265071509047.22,109568326701715.94,-199465.23507503,-40532.33581059674,-199465.23507503,0.0004501616117636134,NONE
90905351356674.89,204690333926336.16,-473413.36835130386,204690333926336.16,460898420701593.06,-1065985.2601571663,-473413.36835130386,-1065985.2601571663,0.002632406186760427,NONE
8732529445680.727,7735385634558.412,-59560.18986792879,7735385634558.412,6852103341518.599,-52757.52103849781,-59560.18986792879,-52757.52103849781,0.0006710964769037284,NONE
705002303501301.6,-74699410906396.12,-75126.81973656059,-74699410906396.12,7914871268606.793,7958.596919318489,-75126.81973656059,7958.596919318489,0.00024098517089991345,NONE
5024290202585.916,-12745273355050.562,-1872.540100553266,-12745273355050.562,32331332971887.617,4757.956180824719,-1872.540100553266,4757.956180824719,0.0001511654189551323,NONE
65100662988737.33,-927255542251.7561,35566.74037443159,-927255542251.7561,13207620167.898193,-503.6396326984402,35566.74037443159,-503.6396326984402,0.00019560829526570444,NONE
2885679174660981.5,-989796122456185.0,14857.769400818557,-989796122456185.0,339502872007574.8,-5091.914766310513,14857.769400818557,-5091.914766310513,0.00012278699655101405,NONE
61513599907648.9,12469226383129.555,5194.949286332795,12469226383129.555,2527597698567.43,1050.3626366549129,5194.949286332795,1050.3626366549129,8.840848935013418e-05,NONE
4266087996293.8877,-13436001266394.918,-16696.353743269414,-13436001266394.918,42316554319107.24,52608.78783819813,-16696.353743269414,52608.78783819813,0.00048071749566064493,NONE
1282835654829691.5,159447846026263.2,-84740.59167350174,159447846026263.2,19818296262301.566,-10533.370777111963,-84740.59167350174,-10533.370777111963,0.00043651515890227605,NONE
24850608068485.008,38078196046291.32,-37136.71015899197,38078196046291.32,58346621348130.125,-56905.83705716824,-37136.71015899197,-56905.83705716824,0.00023175724715329712,NONE
184697854703925.62,-221348976973649.03,-112801.72065600111,-221348976973649.03,265273085382694.22,135191.39097661775,-112801.72065600111,135191.39097661775,0.00015344301428199398,NONE
52300177606921.22,-31132811021016.105,666.7748475024813,-31132811021016.105,18532478639884.27,-396.57135175112666,666.7748475024813,-396.57135175112666,0.0006468319806498925,NONE
116601375840216.7,-10955208141281.736,-126464.69399201647,-10955208141281.736,1029289678884.0605,11881.204520208246,-126464.69399201647,11881.204520208246,0.00017556690581756805,NONE
617868878834426.9,-170807877201232.38,-1301080.0777633667,-170807877201232.38,47219291937696.27,359681.04869714193,-1301080.0777633667,359681.04869714193,0.0035369213736957932,NONE
110596104046645.62,-152131237678935.9,89745.90410741798,-152131237678935.9,209265179420708.44,-123452.43177281604,89745.90410741798,-123452.43177281604,0.0001325960674932561,NONE
1179451681995887.8,-1029315285551156.1,-822181.1274355885,-1029315285551156.1,898290259579282.5,717513.6799664542,-822181.1274355885,717513.6799664542,0.0012827576539957075,NONE
9377182804527.406,-46642297753228.65,115581.84030349122,-46642297753228.65,231999738682522.16,-574931.3120320442,115581.84030349122,-574931.3120320442,0.002242433437533641,NONE
