8573182739245884.0,-5989981212020919.0,2021882.6549862619,-5989981212020919.0,4185129114894884.0,-1413399.784611202,2021882.6549862619,-1413399.784611202,0.00576779099659809,NONE
9926771360835008.0,-6046025424707081.0,1090836.1565528722,-6046025424707081.0,3682408317854804.0,-665096.367917992,1090836.1565528722,-665096.367917992,0.005182528262818261,NONE
1.0081261520839778e+16,-6121527121208271.0,1052467.7636670906,-6121527121208271.0,3717103878852668.0,-639760.8660334824,1052467.7636670906,-639760.8660334824,0.004941928335998638,NONE
8386304862720608.0,-6075718265982589.0,2145065.900654544,-6075718265982589.0,4401742457417475.5,-1554744.065174919,2145065.900654544,-1554744.065174919,0.005378141922614077,NONE
6913223612466706.0,-5637763166227759.0,2643405.7559516914,-5637763166227759.0,4597619978072037.0,-2156400.597487581,2643405.7559516914,-2156400.597487581,0.005829579528956348,NONE
6164980881812321.0,-5190696555694089.0,2638751.339517235,-5190696555694089.0,4370383719494076.0,-2222428.1324423384,2638751.339517235,-2222428.1324423384,0.005722446540366182,NONE
5888349169689180.0,-4955756489619536.0,2633919.055784548,-4955756489619536.0,4170867414432290.5,-2217447.1302809254,2633919.055784548,-2217447.1302809254,0.005679842498827407,NONE
5880962944799569.0,-4909025846370575.0,2688798.6804333446,-4909025846370575.0,4097719418462712.0,-2245110.8548333375,2688798.6804333446,-2245110.8548333375,0.005833824704190978,NONE
5628764618125479.0,-4817170079616808.0,2765191.640947201,-4817170079616808.0,4122597122575111.0,-2367154.856663319,2765191.640947201,-2367154.856663319,0.006057261830418523,NONE
5105517985165706.0,-4567596355804666.0,2866574.282181752,-4567596355804666.0,4086350817377662.0,-2565181.2042147224,2866574.282181752,-2565181.2042147224,0.006092990770208563,NONE
4574883053469183.0,-4231433799512233.5,2901981.9283538912,-4231433799512233.5,3913768460556296.5,-2684719.221627026,2901981.9283538912,-2684719.221627026,0.006154095654037122,NONE
4251664034753077.0,-3923655045097524.5,2869432.3129301546,-3923655045097524.5,3620951636841246.5,-2648648.137035451,2869432.3129301546,-2648648.137035451,0.006435473814085091,NONE
4112612910140914.5,-3778921313808186.5,2877605.0843965197,-3778921313808186.5,3472305200629072.0,-2644693.9328163643,2877605.0843965197,-2644693.9328163643,0.0066715321077678025,NONE
3866482865483157.5,-3586315924635939.0,2829041.3980157515,-3586315924635939.0,3326450210767388.5,-2624614.7436812227,2829041.3980157515,-2624614.7436812227,0.006883481449036141,NONE
3579717570174293.5,-3388800905345445.5,2751426.55565865,-3388800905345445.5,3208066588967773.0,-2605239.5273005553,2751426.55565865,-2605239.5273005553,0.0068599735747655165,NONE
3414892305753021.5,-3266517126003633.5,2685136.178168831,-3266517126003633.5,3124588977312222.5,-2569009.4445351856,2685136.178168831,-2569009.4445351856,0.0068939903208687274,NONE
3406039166943591.5,-3245980388041086.0,2704034.846565437,-3245980388041086.0,3093443407583946.0,-2577485.6687680604,2704034.846565437,-2577485.6687680604,0.0068645605655603915,NONE
3363439592016035.0,-3213483104377255.5,2711906.22095104,-3213483104377255.5,3070212531721079.5,-2591510.9844238167,2711906.22095104,-2591510.9844238167,0.0069251957744693084,NONE
3309263546985255.5,-3191298221720336.5,2725229.647344702,-3191298221720336.5,3077538222018710.0,-2628584.5680826204,2725229.647344702,-2628584.5680826204,0.006881011298678208,NONE
3270728196021715.5,-3206838244030207.0,2754404.1144417785,-3206838244030207.0,3144196527030064.0,-2701072.5883112503,2754404.1144417785,-2701072.5883112503,0.0067767049035980355,NONE
3216962212943879.5,-3219086010744852.5,2763626.0713893566,-3219086010744852.5,3221211430586692.5,-2765896.2876064503,2763626.0713893566,-2765896.2876064503,0.006691536025924108,NONE
3201100359973826.5,-3255605974441431.5,2776225.0737328003,-3255605974441431.5,3311039886343876.0,-2823923.2554090326,2776225.0737328003,-2823923.2554090326,0.0066806007909036074,NONE
3259866253368663.0,-3324929499435453.0,2823228.749367872,-3324929499435453.0,3391291558218113.0,-2879991.3794870297,2823228.749367872,-2879991.3794870297,0.006666235972031697,NONE
3332581091537241.5,-3406647261133299.0,2887284.478176368,-3406647261133299.0,3482359768383945.0,-2951853.0739287627,2887284.478176368,-2951853.0739287627,0.006535598181759382,NONE
3357141314723091.5,-3467610504654469.5,2903018.162423518,-3467610504654469.5,3581714994326488.0,-2998932.372067008,2903018.162423518,-2998932.372067008,0.006357685122665866,NONE
3243026973851403.0,-3457069492163264.5,2848456.010555022,-3457069492163264.5,3685239229485724.5,-3036794.7984519713,2848456.010555022,-3036794.7984519713,0.006150684194394302,NONE
3172974834787236.0,-3483179575997312.5,2811021.4316198085,-3483179575997312.5,3823711603558939.5,-3086125.5228860774,2811021.4316198085,-3086125.5228860774,0.006080405686258818,NONE
3255040486654198.0,-3614176520033226.0,2818112.3251595567,-3614176520033226.0,4012937079913892.0,-3129287.4848814374,2818112.3251595567,-3129287.4848814374,0.006010631620899267,NONE
3030623457475081.0,-3521135827310084.0,2733206.8658377468,-3521135827310084.0,4091038820907856.0,-3175817.061811077,2733206.8658377468,-3175817.061811077,0.006007460605459706,NONE
2635007275630590.0,-3265303799375239.5,2595999.483697406,-3265303799375239.5,4046368153858467.5,-3217181.201297704,2595999.483697406,-3217181.201297704,0.00600143906139071,NONE
2321695616015562.5,-3034201329703602.0,2492949.243072406,-3034201329703602.0,3965368331185997.0,-3258212.2777399546,2492949.243072406,-3258212.2777399546,0.006002422012667618,NONE
2283507384137976.5,-3044596902155115.0,2459617.1641782965,-3044596902155115.0,4059356634700922.5,-3279579.7203550725,2459617.1641782965,-3279579.7203550725,0.005885118603114852,NONE
2124254179961232.8,-2919009292387623.0,2361131.176570377,-2919009292387623.0,4011109329433194.5,-3244663.8622367904,2361131.176570377,-3244663.8622367904,0.0058094829246053865,NONE
1966284046034115.8,-2778497409881848.0,2261897.9510148377,-2778497409881848.0,3926212158122199.5,-3196367.7260298277,2261897.9510148377,-3196367.7260298277,0.005769436348553309,NONE
1814525021203588.5,-2639696958573399.5,2178773.7982826666,-2639696958573399.5,3840123663173381.0,-3169734.56884243,2178773.7982826666,-3169734.56884243,0.005784767040633596,NONE
1623358967552348.8,-2493504515619021.0,2076452.9779584568,-2493504515619021.0,3830061802167350.0,-3189600.5435998975,2076452.9779584568,-3189600.5435998975,0.005863791979482825,NONE
1386985428187052.2,-2261136643195618.0,1939300.7029147337,-2261136643195618.0,3686224215247288.0,-3161694.342461967,1939300.7029147337,-3161694.342461967,0.006010336997360929,NONE
1204891541133309.2,-2056684256353628.0,1801343.5940069833,-2056684256353628.0,3510648300643035.5,-3074961.262289438,1801343.5940069833,-3074961.262289438,0.006222034363927244,NONE
1082989873424679.8,-1912188530155741.8,1699118.6005699465,-1912188530155741.8,3376269108613040.5,-3000234.780169659,1699118.6005699465,-3000234.780169659,0.0065448824595779114,NONE
919557942045521.9,-1717361896032461.5,1561749.5323918716,-1717361896032461.5,3207336903184927.5,-2916910.6539741955,1561749.5323918716,-2916910.6539741955,0.006900923683437042,NONE
726992057691842.1,-1478781433125992.5,1394991.9289594833,-1478781433125992.5,3008003595542747.5,-2837778.997262471,1394991.9289594833,-2837778.997262471,0.00725636873880336,NONE
589737456816269.4,-1282878015483192.2,1228644.0024887025,-1282878015483192.2,2790692953069163.5,-2673008.6357684913,1228644.0024887025,-2673008.6357684913,0.007542551557501796,NONE
518239509972001.9,-1181290602390368.2,1126598.1945080343,-1181290602390368.2,2692669326191443.5,-2568340.061978145,1126598.1945080343,-2568340.061978145,0.007823383258136182,NONE
469230348844203.06,-1114432210994684.0,1041793.0724919825,-1114432210994684.0,2646800853327650.0,-2474648.3811452985,1041793.0724919825,-2474648.3811452985,0.008115458302520384,NONE
423989688474067.0,-1044722484587539.2,970974.1229064139,-1044722484587539.2,2574225802129432.5,-2392858.41312199,970974.1229064139,-2392858.41312199,0.008351123334519988,NONE
365035843702213.25,-937785855574918.4,878792.5726247865,-937785855574918.4,2409194705185650.0,-2257976.121594353,878792.5726247865,-2257976.121594353,0.008365606662703829,NONE
343561863380024.75,-884457863007277.8,836612.213256613,-884457863007277.8,2276928544814877.0,-2154085.1917635757,836612.213256613,-2154085.1917635757,0.008154417916443241,NONE
326527486621001.06,-820773586066497.1,796605.2272875793,-820773586066497.1,2063132192764751.5,-2002703.4034472343,796605.2272875793,-2002703.4034472343,0.007789920487224334,NONE
301943109406876.6,-746027470982802.4,753712.2589396442,-746027470982802.4,1843251420097323.5,-1862537.7493251956,753712.2589396442,-1862537.7493251956,0.007547614250860527,NONE
260406908335390.75,-670191220552577.1,708158.8715061212,-670191220552577.1,1724824975976942.2,-1822766.3753696927,708158.8715061212,-1822766.3753696927,0.007346008613460034,NONE
222206271933977.75,-527197631430533.6,604562.7019414958,-527197631430533.6,1250808052164838.8,-1434556.3081064255,604562.7019414958,-1434556.3081064255,0.006823956077188861,NONE
226121022073898.6,-545884770182078.75,572447.7119569362,-545884770182078.75,1317835177521588.2,-1382101.4569584136,572447.7119569362,-1382101.4569584136,0.007087126839968331,NONE
253718389988739.1,-652347568253789.5,572254.7676455089,-652347568253789.5,1677282510518848.2,-1471437.3513804758,572254.7676455089,-1471437.3513804758,0.007565653561563836,NONE
306427418927897.2,-918668831259680.1,731147.5061625532,-918668831259680.1,2754167774679540.5,-2191959.0115028354,731147.5061625532,-2191959.0115028354,0.008392613202582656,NONE
319857495300558.9,-1008168884661886.6,819917.4865344977,-1008168884661886.6,3177679503818339.0,-2584271.742265548,819917.4865344977,-2584271.742265548,0.008424526738503288,NONE
348675287406333.06,-1151677770719071.5,923967.9876059482,-1151677770719071.5,3804002916309290.0,-3051757.2969694273,923967.9876059482,-3051757.2969694273,0.008530676524149324,NONE
364569570989157.3,-1206085765414850.8,911176.4586826916,-1206085765414850.8,3990028557920114.5,-3014244.507748198,911176.4586826916,-3014244.507748198,0.00813669450127128,NONE
391068043461127.06,-1322378215985379.2,945124.1291239038,-1322378215985379.2,4471560172535318.0,-3195647.761039451,945124.1291239038,-3195647.761039451,0.007810090242799562,NONE
425150637732126.06,-1441867303608964.5,972427.9274744168,-1441867303608964.5,4889987899121567.0,-3297655.694030042,972427.9274744168,-3297655.694030042,0.007231762251521202,NONE
466099098198486.44,-1555259502009233.8,942213.0800795006,-1555259502009233.8,5189523623128385.0,-3143731.420673418,942213.0800795006,-3143731.420673418,0.007639129463014346,NONE
502416648713283.06,-1673557626719198.2,869797.6035145312,-1673557626719198.2,5574646676728313.0,-2897210.352296317,869797.6035145312,-2897210.352296317,0.009312529767042518,NONE
511032747014515.3,-1735278852708001.2,797365.9381185729,-1735278852708001.2,5892367746602415.0,-2707508.0020424994,797365.9381185729,-2707508.0020424994,0.011006874140437922,NONE
508309984037026.3,-1790099015729758.0,788531.8819665307,-1790099015729758.0,6304134831180018.0,-2776850.4580792133,788531.8819665307,-2776850.4580792133,0.009937703079014234,NONE
462675525736548.9,-1694283154545749.2,740643.3455756357,-1694283154545749.2,6204338535231259.0,-2712141.1782052913,740643.3455756357,-2712141.1782052913,0.00898734277861122,NONE
412452698815043.3,-1566855638465262.0,690373.1734844005,-1566855638465262.0,5952286853181900.0,-2622724.189755232,690373.1734844005,-2622724.189755232,0.007756967590706968,NONE
356128412839098.8,-1379185320056340.0,735588.6588487427,-1379185320056340.0,5341197781580350.0,-2848771.280512675,735588.6588487427,-2848771.280512675,0.008630902957529525,NONE
303735896353517.56,-1225429191618511.8,779107.5572206073,-1225429191618511.8,4944021600281122.0,-3143396.3703592056,779107.5572206073,-3143396.3703592056,0.008547704200646693,NONE
254549906982069.94,-1035089805932845.5,760210.016399156,-1035089805932845.5,4209041115844267.5,-3091416.0902790762,760210.016399156,-3091416.0902790762,0.0075274892917037775,NONE
222427705536936.2,-907474153685474.0,719265.9118111386,-907474153685474.0,3702369109462324.5,-2935004.925236541,719265.9118111386,-2935004.925236541,0.007871870898651146,NONE
181555351555095.22,-773520873012586.5,759778.2999660457,-773520873012586.5,3295604552878923.5,-3237434.1431012196,759778.2999660457,-3237434.1431012196,0.008677052151421262,NONE
133400161906368.66,-562830776149060.3,704012.5055107035,-562830776149060.3,2374648954476520.5,-2970710.6829909636,704012.5055107035,-2970710.6829909636,0.00952335910514975,NONE
82827253158001.14,-342823553371621.5,562683.5938756187,-342823553371621.5,1418953625094897.2,-2329310.9692222523,562683.5938756187,-2329310.9692222523,0.009596774268304069,NONE
72831707664620.94,-253945175363506.88,519247.9032181748,-253945175363506.88,885441025759266.2,-1810907.8335086403,519247.9032181748,-1810907.8335086403,0.009965305242221953,NONE
58247686756630.42,-213257068016455.4,504514.9853778623,-213257068016455.4,780779549004472.5,-1847526.3963827176,504514.9853778623,-1847526.3963827176,0.011287803560982863,NONE
43005836753943.04,-174972924886207.84,454145.39204470254,-174972924886207.84,711892827899753.1,-1848175.1054884475,454145.39204470254,-1848175.1054884475,0.013002789924868067,NONE
12952155649746.002,-92644863586032.69,257025.6869694239,-92644863586032.69,662676323148699.0,-1839073.4343187828,257025.6869694239,-1839073.4343187828,0.014890270138950541,NONE
2914390743891.457,-40352425036200.26,120223.73395439495,-40352425036200.26,558720578255504.2,-1666143.6156900916,120223.73395439495,-1666143.6156900916,0.016998236902047704,NONE
221987025423.1617,-9976378359610.37,32181.455942334018,-9976378359610.37,448391295851878.0,-1450610.690253449,32181.455942334018,-1450610.690253449,0.018432508869634188,NONE
22202088916.17412,-2996778514396.96,9629.904671965021,-2996778514396.96,404864529844607.06,-1313738.058718941,9629.904671965021,-1313738.058718941,0.018916054483240713,NONE
951216204768.083,18957157508596.336,-61352.409696597955,18957157508596.336,377812657782612.1,-1221226.1255193627,-61352.409696597955,-1221226.1255193627,0.01974792886945666,NONE
7498702524416.206,52731117374417.27,-168446.7964483467,52731117374417.27,370808018576545.3,-1184029.3720221457,-168446.7964483467,-1184029.3720221457,0.021272048795725366,NONE
23336928383530.375,98692901054857.7,-284632.9589642505,98692901054857.7,417377123559437.06,-1203439.3682521589,-284632.9589642505,-1203439.3682521589,0.021503088504006094,NONE
49931446567237.28,147055012452256.7,-399027.2031474548,147055012452256.7,433097643291450.56,-1175047.0057025324,-399027.2031474548,-1175047.0057025324,0.01923710876117604,NONE
101505504585411.97,219645962850478.5,-564306.2325683862,219645962850478.5,475288234063397.2,-1221141.1751625831,-564306.2325683862,-1221141.1751625831,0.017353436211117262,NONE
173951135585637.47,367913179720084.06,-823448.6557995152,367913179720084.06,778150413887523.8,-1741811.6270415403,-823448.6557995152,-1741811.6270415403,0.016777705252787874,NONE
242509576843708.84,496462489152839.06,-1028273.2456474364,496462489152839.06,1016351871603828.1,-2105279.9011544283,-1028273.2456474364,-2105279.9011544283,0.016264790556948933,NONE
265442746545522.38,603887581463233.0,-1053605.0156935821,603887581463233.0,1373856661630987.2,-2397133.2900129906,-1053605.0156935821,-2397133.2900129906,0.014562620064251706,NONE
211184102871363.03,477586051065890.9,-782199.0598434486,477586051065890.9,1080045769500166.4,-1769016.3063821874,-782199.0598434486,-1769016.3063821874,0.011721794198875767,NONE
146964905497378.9,349770536958009.44,-523007.01401012676,349770536958009.44,832440056071256.8,-1244827.2833540577,-523007.01401012676,-1244827.2833540577,0.009560867285096695,NONE
164828347006470.22,237775832519282.56,-478932.5734754354,237775832519282.56,343007657810958.9,-691066.6853130885,-478932.5734754354,-691066.6853130885,0.0075999264558579875,NONE
226738666818195.8,324849452228440.56,-693676.4584729187,324849452228440.56,465413442271689.1,-994111.0202913294,-693676.4584729187,-994111.0202913294,0.007050829867124704,NONE
254058781611940.8,332573547431819.56,-782744.5864913289,332573547431819.56,435352897306771.06,-1024989.0136848135,-782744.5864913289,-1024989.0136848135,0.006985298192589787,NONE
229289061967672.84,298494321497018.5,-630428.7000677026,298494321497018.5,388587736026231.4,-821178.2488533182,-630428.7000677026,-821178.2488533182,0.007033830328641185,NONE
244947521230569.6,241313045646604.56,-466848.66609406844,241313045646604.56,237732721254205.1,-460454.1272077229,-466848.66609406844,-460454.1272077229,0.00825929713643066,NONE
265616281309868.38,269063147856382.66,-478491.64186247176,269063147856382.66,272554962402038.88,-485280.2259557684,-478491.64186247176,-485280.2259557684,0.01077121392005666,NONE
283392867178070.6,285674023555782.0,-508255.3592572231,285674023555782.0,287973747312600.56,-512831.8987046845,-508255.3592572231,-512831.8987046845,0.013184695903656462,NONE
279219148246602.53,310594392426567.5,-491063.6763626049,310594392426567.5,345495411272171.06,-546782.7639389558,-491063.6763626049,-546782.7639389558,0.016840869079491682,NONE
306868445301256.7,362329599127431.06,-510308.29950160603,362329599127431.06,427814605920523.44,-603150.4880106138,-510308.29950160603,-603150.4880106138,0.02100715552147617,NONE
325854655368729.4,424220829929657.2,-485891.9701058788,424220829929657.2,552281148951586.9,-633167.1702457435,-485891.9701058788,-633167.1702457435,0.023894509495363776,NONE
301411014435998.44,444249094489471.0,-437602.0219089044,444249094489471.0,654778085705109.0,-645465.6021059697,-437602.0219089044,-645465.6021059697,0.02379010375679035,NONE
319354859905315.7,548229590907455.6,-561950.0656138634,548229590907455.6,941134133317796.2,-965023.4009237912,-561950.0656138634,-965023.4009237912,0.02261436512305617,NONE
494958659741474.4,824591875390632.6,-982355.7681077783,824591875390632.6,1373754882872978.2,-1636965.6687393303,-982355.7681077783,-1636965.6687393303,0.024702604188889893,NONE
639591325538059.4,1065747310885268.1,-1239302.216185354,1065747310885268.1,1775848795512647.2,-2065390.8514259662,-1239302.216185354,-2065390.8514259662,0.026246509802304308,NONE
658636185284502.0,1117731123989024.6,-1297172.4002540144,1117731123989024.6,1896833273285216.0,-2201762.536285249,-1297172.4002540144,-2201762.536285249,0.025099215653498503,NONE
654271084156658.4,1047964965420388.1,-1331137.7253755617,1047964965420388.1,1678556100745094.2,-2132384.6648094603,-1331137.7253755617,-2132384.6648094603,0.0202952440392898,NONE
739936287626584.4,1007997836305295.2,-1429865.758397788,1007997836305295.2,1373171999899878.5,-1948172.5460741937,-1429865.758397788,-1948172.5460741937,0.016700279272940724,NONE
787995408590010.1,881402942415711.2,-1417144.8042427304,881402942415711.2,985883028074007.1,-1585468.838416125,-1417144.8042427304,-1585468.838416125,0.01372382806333915,NONE
835814462122356.0,826515394260814.1,-1628510.262948641,826515394260814.1,817319978589257.4,-1610848.1388664702,-1628510.262948641,-1610848.1388664702,0.011951591705279398,NONE
866043378166255.6,736995641043976.6,-1930654.76740417,736995641043976.6,627177285144793.2,-1643376.766525136,-1930654.76740417,-1643376.766525136,0.011596309886377035,NONE
952289609520280.0,702933895607227.9,-2233050.430432788,702933895607227.9,518871811444339.0,-1648666.1349349676,-2233050.430432788,-1648666.1349349676,0.012063043661645907,NONE
1192349448866949.5,617725043139281.6,-2590273.145538304,617725043139281.6,320027363759877.06,-1342342.284301594,-2590273.145538304,-1342342.284301594,0.01171802097624566,NONE
999852641294773.9,246725082796396.75,-2334051.721670372,246725082796396.75,60882418593677.01,-576449.7347328723,-2334051.721670372,-576449.7347328723,0.012473851642530637,NONE
833043707788035.5,-48860881281665.766,-2135361.3887520432,-48860881281665.766,2866036994535.253,124735.5915021001,-2135361.3887520432,124735.5915021001,0.01417704751741274,NONE
886281612554595.5,-193064233060590.3,-2281422.397459702,-193064233060590.3,42056570875995.45,496440.20446555654,-2281422.397459702,496440.20446555654,0.017278480932962782,NONE
934846913348571.6,-191839874031461.66,-2356854.693887737,-191839874031461.66,39367641461029.78,482996.9093924708,-2356854.693887737,482996.9093924708,0.02177081631812797,NONE
697171703134013.0,-195212315493036.4,-2044081.5838555396,-195212315493036.4,54660800020229.68,571758.3198295616,-2044081.5838555396,571758.3198295616,0.02525686645650533,NONE
671411036489193.5,-256849645545561.38,-2102192.0138378306,-256849645545561.38,98258490724905.19,803752.3827100834,-2102192.0138378306,803752.3827100834,0.028129421636059013,NONE
1117144407245222.6,-313404708458024.1,-3120996.918588624,-313404708458024.1,87922986471481.28,875149.8210076395,-3120996.918588624,875149.8210076395,0.03406906927685586,NONE
1393285727424518.0,-362222840142740.9,-3515796.483742111,-362222840142740.9,94169917508016.28,913580.982758834,-3515796.483742111,913580.982758834,0.037839680657072654,NONE
1381774938282852.8,-419656552884668.7,-3284339.1476784977,-419656552884668.7,127453346370760.27,996962.7554847976,-3284339.1476784977,996962.7554847976,0.03855061191447907,NONE
1235957259267880.5,-556512475802503.75,-2932655.809140075,-556512475802503.75,250580121425733.03,1319981.083890594,-2932655.809140075,1319981.083890594,0.03713857167802835,NONE
1333414238052462.8,-548609831718421.9,-3119332.731142937,-548609831718421.9,225716004608725.1,1282991.332223895,-3119332.731142937,1282991.332223895,0.03355414938547941,NONE
1388898397041517.5,-543954285817389.3,-3116327.288892818,-543954285817389.3,213036784333530.12,1220157.2957589126,-3116327.288892818,1220157.2957589126,0.028336748520026926,NONE
1526969427975234.2,-434307668420708.25,-3194436.5133552966,-434307668420708.25,123527912038587.34,908173.2606901738,-3194436.5133552966,908173.2606901738,0.024291122046698612,NONE
1623940958596432.2,-407833516310854.4,-3194559.8019380434,-407833516310854.4,102422679936207.94,801733.3376504002,-3194559.8019380434,801733.3376504002,0.021583012645563154,NONE
1537680606634323.0,-551110840360292.0,-2836408.1265041893,-551110840360292.0,197520442265395.28,1016051.9321111026,-2836408.1265041893,1016051.9321111026,0.016883702745716787,NONE
1245751561722825.2,-697135667057667.5,-2270601.368612782,-697135667057667.5,390124569685146.06,1270156.9038421602,-2270601.368612782,1270156.9038421602,0.013026009361256405,NONE
1777519837297031.8,-819156001439414.1,-2169564.6513118595,-819156001439414.1,377501717897030.1,999307.3881328711,-2169564.6513118595,999307.3881328711,0.00996332016915039,NONE
1860225255943602.5,-670676896806319.2,-1799977.043195616,-670676896806319.2,241802846160601.06,648363.9454976751,-1799977.043195616,648363.9454976751,0.00852946934485989,NONE
1536312016274186.0,-682787561857327.1,-1272965.9157816062,-682787561857327.1,303453377084244.4,565132.3639923126,-1272965.9157816062,565132.3639923126,0.007593283404301934,NONE
875199382312757.0,-2380247058892895.5,1784149.983694229,-2380247058892895.5,6473469416682858.0,-4852394.097265764,1784149.983694229,-4852394.097265764,0.0077167790690484545,NONE
731347940064653.6,-2588062797531700.5,829204.4902979175,-2588062797531700.5,9158526505057634.0,-2934481.1134348484,829204.4902979175,-2934481.1134348484,0.003847847662349735,NONE
670232748551826.4,-2723831526360902.5,334486.4771062452,-2723831526360902.5,1.106967498317398e+16,-1359603.086234666,334486.4771062452,-1359603.086234666,0.002899034955848236,NONE
661616119597979.9,-2597190697085606.0,470105.30490178097,-2597190697085606.0,1.0195337982774976e+16,-1845501.9038248674,470105.30490178097,-1845501.9038248674,0.002850637298589217,NONE
585685943313472.0,-2459317764980274.0,379750.26092442154,-2459317764980274.0,1.0326770363991562e+16,-1594594.4593124476,379750.26092442154,-1594594.4593124476,0.002475591980059491,NONE
584224795977896.8,-2362633133462356.5,440908.9716441129,-2362633133462356.5,9554602403556038.0,-1782948.4230245398,440908.9716441129,-1782948.4230245398,0.002913801504498229,NONE
889364656093800.2,-2735257773768592.5,931688.679022448,-2735257773768592.5,8412337250848728.0,-2865172.0915335417,931688.679022448,-2865172.0915335417,0.004722724333326474,NONE
1371739954384200.8,-3350811613417968.5,1529706.8410419729,-3350811613417968.5,8185180312051208.0,-3736289.5299750376,1529706.8410419729,-3736289.5299750376,0.006893943478683879,NONE
1839239039343914.5,-4171390048497719.0,1533841.7504768523,-4171390048497719.0,9460703606289806.0,-3478370.956196794,1533841.7504768523,-3478370.956196794,0.008038168562042244,NONE
2284159577438269.5,-4821572709785508.0,1005803.5051871339,-4821572709785508.0,1.0177731961197032e+16,-2122854.0471836575,1005803.5051871339,-2122854.0471836575,0.009730336527354755,NONE
2878915381313840.5,-5486037702297482.0,449027.63428097544,-5486037702297482.0,1.0454148971534182e+16,-855538.8535448383,449027.63428097544,-855538.8535448383,0.011350510478916736,NONE
3571490939395743.0,-6182315120412196.0,-142114.26851440404,-6182315120412196.0,1.0701698984479502e+16,246001.88394846636,-142114.26851440404,246001.88394846636,0.01391125915846738,NONE
4161826275640696.0,-6655625422948875.0,-873524.4358159925,-6655625422948875.0,1.0643728881521886e+16,1396761.1154833096,-873524.4358159925,1396761.1154833096,0.017091949393423768,NONE
4691771571365235.0,-6937963514143854.0,-1305345.5646236956,-6937963514143854.0,1.0259523034537578e+16,1930016.223545903,-1305345.5646236956,1930016.223545903,0.01457725258253235,NONE
4931500064441800.0,-7119386432808182.0,-1247914.4167312551,-7119386432808182.0,1.0277940442999872e+16,1801219.3037311146,-1247914.4167312551,1801219.3037311146,0.010186176544830764,NONE
4838811486594775.0,-7201625880500722.0,-979198.8943971526,-7201625880500722.0,1.0718213814314928e+16,1456918.8565106513,-979198.8943971526,1456918.8565106513,0.009361227775041385,NONE
4402794865029121.5,-6986012133453215.0,-680928.5824349459,-6986012133453215.0,1.1084860365718766e+16,1079786.9614798487,-680928.5824349459,1079786.9614798487,0.010287829111789432,NONE
3723876935346035.5,-6357884617665425.0,-225875.93317131087,-6357884617665425.0,1.0855003584701484e+16,384795.83112622704,-225875.93317131087,384795.83112622704,0.00706463898120798,NONE
3068899068536164.5,-5681472858871348.0,391753.86389724136,-5681472858871348.0,1.0518147928049182e+16,-726167.0639184663,391753.86389724136,-726167.0639184663,0.007153511906827381,NONE
2470527633760847.0,-4588070221019813.0,824841.6926925265,-4588070221019813.0,8520604451435975.0,-1532615.6276699381,824841.6926925265,-1532615.6276699381,0.006659500242762923,NONE
2035439175851956.2,-3718836561006137.0,866108.3596846493,-3718836561006137.0,6794477506205715.0,-1583076.8835521592,866108.3596846493,-1583076.8835521592,0.005314325329176256,NONE
1724749891375394.2,-3144020296214963.0,715689.8542640279,-3144020296214963.0,5731186858927754.0,-1305247.7458446212,715689.8542640279,-1305247.7458446212,0.005511072548034961,NONE
1590373150141104.8,-3024922221282217.5,787574.5978867399,-3024922221282217.5,5753464034702291.0,-1498585.7131033486,787574.5978867399,-1498585.7131033486,0.00676432869385869,NONE
1604309748800138.0,-2978681317149409.0,1060298.3531278656,-2978681317149409.0,5530442403103661.0,-1969106.69359163,1060298.3531278656,-1969106.69359163,0.007752106817200239,NONE
1614199304742241.0,-2988275300678203.0,1206827.1876941412,-2988275300678203.0,5532024159892060.0,-2234582.96509319,1206827.1876941412,-2234582.96509319,0.009688467152874717,NONE
1737286510631340.2,-3023038878918974.0,1654672.2597155734,-3023038878918974.0,5260366841902142.0,-2879660.9924454098,1654672.2597155734,-2879660.9924454098,0.012436744819179254,NONE
1403833649840565.2,-3033992667670708.5,832608.6736911659,-3033992667670708.5,6557124322566150.0,-1799840.7427190742,832608.6736911659,-1799840.7427190742,0.013233449382771378,NONE
1029043816889697.0,-2991826396014497.0,-120685.60578286205,-2991826396014497.0,8698390951421975.0,350495.61232337734,-120685.60578286205,350495.61232337734,0.012108292088886379,NONE
794571005559049.6,-2913748826559684.0,-657466.0892559495,-2913748826559684.0,1.0684926087171912e+16,2410545.7952471254,-657466.0892559495,2410545.7952471254,0.011388810388380027,NONE
798137219660670.0,-2755411555882594.5,-545060.0625673399,-2755411555882594.5,9512516002876762.0,1881371.255225162,-545060.0625673399,1881371.255225162,0.00836523657089234,NONE
696972542808160.8,-2324655207205252.5,-670739.935917305,-2324655207205252.5,7753565155983294.0,2236850.7695646593,-670739.935917305,2236850.7695646593,0.006062748347856839,NONE
642131384694326.0,-2068409987586544.8,-765978.4019084336,-2068409987586544.8,6662686394074531.0,2466975.1286104852,-765978.4019084336,2466975.1286104852,0.005172667410250851,NONE
583747714724813.9,-2030525152348386.5,-1035869.791696988,-2030525152348386.5,7063038447636906.0,3602641.034291989,-1035869.791696988,3602641.034291989,0.006313535187858166,NONE
881011669391421.5,-2546451997752556.5,-413661.7337498033,-2546451997752556.5,7360195337299913.0,1195065.1823827312,-413661.7337498033,1195065.1823827312,0.003905162360344777,NONE
1463780741600157.5,-3017340157478418.0,774268.4952470369,-3017340157478418.0,6219744276191356.0,-1596514.9505020205,774268.4952470369,-1596514.9505020205,0.003989028396378793,NONE
1985043786361474.0,-3181321836544913.5,1754113.9215108948,-3181321836544913.5,5098531838079046.0,-2811625.5275077582,1754113.9215108948,-2811625.5275077582,0.005673174895099446,NONE
1961857783828776.0,-2987018179673439.0,668958.0578450152,-2987018179673439.0,4547871915434398.0,-1018981.499592656,668958.0578450152,-1018981.499592656,0.0056405957165384804,NONE
2279044024789423.5,-3242548986840336.5,146909.20505952777,-3242548986840336.5,4613392356246727.0,-209497.03873940685,146909.20505952777,-209497.03873940685,0.008955123316167326,NONE
2855740652867062.5,-3691142162198916.0,-539063.5632644559,-3691142162198916.0,4770927242987599.0,696222.3357794184,-539063.5632644559,696222.3357794184,0.013263620757266318,NONE
3316161063626445.0,-3957172641216497.0,-1375325.6276911257,-3957172641216497.0,4722091443372444.0,1640600.769065047,-1375325.6276911257,1640600.769065047,0.018884499232202527,NONE
3968656582404030.5,-4373880439338064.0,-2372294.488859125,-4373880439338064.0,4820480246655065.0,2613973.911076262,-2372294.488859125,2613973.911076262,0.02420414225890383,NONE
4671573562409346.0,-4703794433114036.0,-3404706.9447702807,-4703794433114036.0,4736237680726427.0,3427650.177142161,-3404706.9447702807,3427650.177142161,0.02831139158583847,NONE
5532531175141332.0,-5245439555327105.0,-4103691.6226810836,-5245439555327105.0,4973245706728075.0,3890252.7178389444,-4103691.6226810836,3890252.7178389444,0.028785470612472754,NONE
5427416882420082.0,-5124369030479804.0,-3731780.6244122707,-5124369030479804.0,4838242442002398.0,3522992.6778895436,-3731780.6244122707,3522992.6778895436,0.025234956984749788,NONE
5428300426763265.0,-5305448278322803.0,-2734284.655031152,-5305448278322803.0,5185376634500444.0,2672120.974626101,-2734284.655031152,2672120.974626101,0.019843631663268187,NONE
5130281931772368.0,-5269143887447343.0,-1659426.6992042642,-5269143887447343.0,5411764587954574.0,1704120.8078401713,-1659426.6992042642,1704120.8078401713,0.015012078169425732,NONE
4986949179780306.0,-5253317705231090.0,-603117.0060796312,-5253317705231090.0,5533913961273727.0,635134.0813855557,-603117.0060796312,635134.0813855557,0.011114975027233413,NONE
4057708219397689.5,-4610374030020368.0,440165.5240709561,-4610374030020368.0,5238313890671994.0,-500392.2973553003,440165.5240709561,-500392.2973553003,0.007141653085724382,NONE
3607535513395873.5,-4102694442549384.5,1598162.3939560088,-4102694442549384.5,4665817481607458.0,-1817940.2154549272,1598162.3939560088,-1817940.2154549272,0.0057260434877053215,NONE
3374139955441088.5,-3456521113283370.0,2618170.359473888,-3456521113283370.0,3540913798868688.0,-2682621.514606968,2618170.359473888,-2682621.514606968,0.007016172713182051,NONE
3403306450829674.0,-2875476343746680.0,3400278.9914222476,-2875476343746680.0,2429509307687292.5,-2873456.668181098,3400278.9914222476,-2873456.668181098,0.009761739291416976,NONE
3354862021734324.0,-2491146286549729.0,3619210.978511955,-2491146286549729.0,1849795988742709.0,-2687981.741750118,3619210.978511955,-2687981.741750118,0.012765212027950036,NONE
3519973631477068.0,-2551982398639552.5,3893327.13177899,-2551982398639552.5,1850188485071852.2,-2823168.8802602203,3893327.13177899,-2823168.8802602203,0.015099644042777877,NONE
3715122756747953.5,-2517277073946287.5,4620485.812637526,-2517277073946287.5,1705646030815274.8,-3131145.3495451272,4620485.812637526,-3131145.3495451272,0.020001907942154735,NONE
2854927653918408.5,-2402481508805747.0,3009077.9471774846,-2402481508805747.0,2021738720280881.8,-2532516.0609834166,3009077.9471774846,-2532516.0609834166,0.01662814657278909,NONE
1934534385352507.8,-2202960571675519.5,815195.3044414177,-2202960571675519.5,2508632355842362.5,-928605.2173295601,815195.3044414177,-928605.2173295601,0.013267093557581914,NONE
1332442795641889.2,-1969194824504804.0,-324677.97382236616,-1969194824504804.0,2910240099517252.5,479527.6406046065,-324677.97382236616,479527.6406046065,0.013858328819101975,NONE
1376607428691861.0,-1991933849317152.8,-130406.88637970103,-1991933849317152.8,2882303685821000.5,188360.98461171438,-130406.88637970103,188360.98461171438,0.01528857278171184,NONE
1287845566721257.8,-1960058014112445.0,80502.17485077142,-1960058014112445.0,2983143098663207.0,-122901.25589347353,80502.17485077142,-122901.25589347353,0.016711838327108822,NONE
1288185482924427.2,-2021031323635788.8,-25125.150230505264,-2021031323635788.8,3170791682731510.5,38926.47712444217,-25125.150230505264,38926.47712444217,0.017388542993968293,NONE
2169278515506924.2,-5593387986467788.0,-683504.2811670033,-5593387986467788.0,1.4422301997211984e+16,1761111.4577675408,-683504.2811670033,1761111.4577675408,0.012242357218330424,NONE
2272870577425000.0,-5803284501559719.0,-984139.112769269,-5803284501559719.0,1.4817434853469326e+16,2511530.1638836022,-984139.112769269,2511530.1638836022,0.013921548313826837,NONE
2362161980934284.0,-5903181391239221.0,-1641971.596403979,-5903181391239221.0,1.4752396960395536e+16,4102011.3558860593,-1641971.596403979,4102011.3558860593,0.012079665829695461,NONE
2370816218196008.0,-5796889970784841.0,-2313828.526050887,-5796889970784841.0,1.4173993640248832e+16,5656093.070696175,-2313828.526050887,5656093.070696175,0.013110172747762093,NONE
2387865687950039.0,-5738715496106073.0,-2822408.062272266,-5738715496106073.0,1.3791754021914802e+16,6781564.895396803,-2822408.062272266,6781564.895396803,0.016096796771286483,NONE
2400672158726943.5,-5654986406010252.0,-3131679.495709074,-5654986406010252.0,1.3320799253263122e+16,7375291.748792825,-3131679.495709074,7375291.748792825,0.017812133196333728,NONE
2326533683093327.5,-5408682942869776.0,-2701599.877618808,-5408682942869776.0,1.2574007411009348e+16,6279588.131266635,-2701599.877618808,6279588.131266635,0.012075517339818083,NONE
2225250654423596.2,-5217411886603417.0,-1913584.4192351801,-5217411886603417.0,1.223295329790094e+16,4486446.909155184,-1913584.4192351801,4486446.909155184,0.010196771250686841,NONE
2075816879098304.0,-5048630821527271.0,-1041770.9740853992,-5048630821527271.0,1.2278864246708892e+16,2533993.4966770937,-1041770.9740853992,2533993.4966770937,0.011999305520063563,NONE
1961735401949539.5,-4970579207649642.0,-461370.56871629023,-4970579207649642.0,1.259428671667108e+16,1169151.0806366086,-461370.56871629023,1169151.0806366086,0.007189174619382425,NONE
1752907588788294.0,-4666655729383578.0,192566.52905509903,-4666655729383578.0,1.2423744557258226e+16,-512543.41853898304,192566.52905509903,-512543.41853898304,0.004718261465166213,NONE
1654372570678552.0,-4517788108125567.0,803663.2431908147,-4517788108125567.0,1.2337251075565044e+16,-2194558.7775637163,803663.2431908147,-2194558.7775637163,0.003392595304406008,NONE
1573580900486410.5,-4088940698486826.5,1246118.280973574,-4088940698486826.5,1.0625088517824244e+16,-3238104.1662358306,1246118.280973574,-3238104.1662358306,0.0024529309765727344,NONE
1568815646877868.2,-3737462755097727.5,1735000.2474877555,-3737462755097727.5,8903932177268803.0,-4133493.2377391183,1735000.2474877555,-4133493.2377391183,0.004706736260779565,NONE
1371920876574249.2,-3136764834611888.5,2204998.757365072,-3136764834611888.5,7171910586257647.0,-5041540.834336647,2204998.757365072,-5041540.834336647,0.010209476499435845,NONE
1269969488067504.0,-2919150518246400.5,2695581.3726364365,-2919150518246400.5,6709956449552694.0,-6196037.909876179,2695581.3726364365,-6196037.909876179,0.014778315710050189,NONE
1199731813570887.5,-2682027735058244.5,2957113.560455207,-2682027735058244.5,5995734122177093.0,-6610628.5586238885,2957113.560455207,-6610628.5586238885,0.019010418281267948,NONE
1076405401428655.2,-2366816429545036.0,3104608.73344546,-2366816429545036.0,5204191831505197.0,-6826295.319404332,3104608.73344546,-6826295.319404332,0.023965332582741843,NONE
854997966694297.9,-1907869208037077.2,2926217.3092603744,-1907869208037077.2,4257279225969460.0,-6529308.277952562,2926217.3092603744,-6529308.277952562,0.02752213952044284,NONE
740623562191391.5,-1624316802652379.5,2694453.2697143992,-1624316802652379.5,3562410586488464.5,-5909095.334340019,2694453.2697143992,-5909095.334340019,0.02794263338321562,NONE
698462636780203.1,-1540124067330662.8,2566455.3243818036,-1540124067330662.8,3396004532297022.5,-5658785.245179315,2566455.3243818036,-5658785.245179315,0.025614475513939503,NONE
659397403482358.4,-1520286722619572.2,2475679.6137813856,-1520286722619572.2,3505127322410735.5,-5707543.122996139,2475679.6137813856,-5707543.122996139,0.02343882505685335,NONE
632762765103605.2,-1472065962853844.2,2286586.9311143076,-1472065962853844.2,3424629969865919.0,-5319344.246266056,2286586.9311143076,-5319344.246266056,0.019452852997830918,NONE
584132088432987.9,-1384050612197093.8,2092514.2937216435,-1384050612197093.8,3279388778765483.0,-4957934.499109593,2092514.2937216435,-4957934.499109593,0.01622109637170116,NONE
496681481329458.0,-1279583750409204.2,1891362.9998597046,-1279583750409204.2,3296548679042246.5,-4872620.9044152405,1891362.9998597046,-4872620.9044152405,0.013810136754200562,NONE
395817014123509.6,-1166127590041190.5,1625202.5742971923,-1166127590041190.5,3435561388075656.0,-4788093.067760319,1625202.5742971923,-4788093.067760319,0.011899238080414667,NONE
446332118025902.7,-1311060603907532.8,1450032.5443554737,-1311060603907532.8,3851123274349934.5,-4259496.545454116,1450032.5443554737,-4259496.545454116,0.008795629525727806,NONE
527854664422631.9,-1571398178183545.8,1251819.3833591612,-1571398178183545.8,4677977700916579.0,-3726878.237561606,1251819.3833591612,-3726878.237561606,0.007255475456537066,NONE
624667751936058.6,-1885863377278168.0,1010605.9931249773,-1885863377278168.0,5693395887380288.0,-3051378.233686049,1010605.9931249773,-3051378.233686049,0.006687791767131716,NONE
714769419164743.8,-2247892074956801.2,776209.6302438675,-2247892074956801.2,7069439177803951.0,-2441529.9115841095,776209.6302438675,-2441529.9115841095,0.00713216469316528,NONE
890434543077031.1,-2765042911869058.0,377106.3768579285,-2765042911869058.0,8586215069387806.0,-1171494.5908803346,377106.3768579285,-1171494.5908803346,0.00915778827563701,NONE
1016454475341872.1,-3065758578383929.5,-127107.37800905366,-3065758578383929.5,9246725841239510.0,382873.0971867804,-127107.37800905366,382873.0971867804,0.014122073801975832,NONE
1099907383730316.0,-3184313023907791.0,-654193.3434475844,-3184313023907791.0,9218821318972232.0,1893433.7735155316,-654193.3434475844,1893433.7735155316,0.0178895124327818,NONE
