98586017275.45746,1492530898792.8933,-394.6864599419707,1492530898792.8933,22596010580409.2,-5982.438160166445,-394.6864599419707,-5982.438160166445,0.00038839876351764145,NONE
93312807426.66167,1212222942731.523,-266.23751036250195,1212222942731.523,15748063066966.072,-3429.2073170545295,-266.23751036250195,-3429.2073170545295,0.00011849197013401067,NONE
405966561097.16364,-1250629504355.9446,-1190.7529371994099,-1250629504355.9446,3852722434672.7124,3659.786345590453,-1190.7529371994099,3659.786345590453,0.0002637713333758095,NONE
2950061728741.484,-2874950010204.9614,-2521.5143285046283,-2874950010204.9614,2801751169799.975,2463.8830103455607,-2521.5143285046283,2463.8830103455607,0.0003737425846195331,NONE
161923343095.5915,-1763596115671.4907,-468.28279256402914,-1763596115671.4907,19208311431982.76,5084.003621954021,-468.28279256402914,5084.003621954021,0.00019986332432842265,NONE
47554664949.61588,162411287570.4253,1038.5509673269353,162411287570.4253,554676487479.3003,3548.261563030373,1038.5509673269353,3548.261563030373,0.0002404379467400857,NONE
1872001425742.1182,-97063302206.4429,8305.705465676272,-97063302206.4429,5033171615.504094,-435.63195447036605,8305.705465676272,-435.63195447036605,0.00029021775713578436,NONE
27203980539.406464,-348166127137.7868,-1789.9428869260348,-348166127137.7868,4455965357204.104,22862.17732253255,-1789.9428869260348,22862.17732253255,0.00046672257869218725,NONE
9379710059.76222,197414273637.80704,-537.0792197394351,197414273637.80704,4154978733553.805,-11306.899796682907,-537.0792197394351,-11306.899796682907,0.00024898328469742073,NONE
5453164751538.128,-3371038557524.067,4210.602104840409,-3371038557524.067,2083909409507.127,-2602.8479158535606,4210.602104840409,-2602.8479158535606,0.001010514883569557,NONE
2042381087501.486,3289659158589.3174,12653.186253807298,3289659158589.3174,5298647522309.249,20381.07713117991,12653.186253807298,20381.07713117991,0.0011833740716784417,NONE
2975392250842.7646,-1173951886087.8054,16778.42304000633,-1173951886087.8054,463187123816.31604,-6614.1744487160195,16778.42304000633,-6614.1744487160195,0.0009564282820357376,NONE
53037894886.72826,-144999889041.42984,1446.4287159266883,-144999889041.42984,396414160503.22174,-3960.208160764141,1446.4287159266883,-3960.208160764141,0.0006226282759157639,NONE
8996798723519.738,2525371110849.923,8490.798555457943,2525371110849.923,708863249732.8746,2381.1358055078254,8490.798555457943,2381.1358055078254,0.00046495810150536175,NONE
71567626830.78288,-1042904564455.8615,-499.9443880937041,-1042904564455.8615,15197518449152.654,7250.081558795517,-499.9443880937041,7250.081558795517,0.00039566064163884925,NONE
1392160663550.662,-705951992133.4113,5014.47914595719,-705951992133.4113,357981874977.70233,-2542.7767230306563,5014.47914595719,-2542.7767230306563,0.00013761837023890707,NONE
645001477326.9873,2400669655238.259,265.7580283613254,2400669655238.259,8935197073669.668,990.5896289822057,265.7580283613254,990.5896289822057,0.00010137648188952392,NONE
1706361603259.9924,5211854216550.451,-1006.3910501882407,5211854216550.451,15918914771300.6,-3075.8184651830456,-1006.3910501882407,-3075.8184651830456,0.00016825460105215174,NONE
29280396314.018593,530326071676.9967,-826.8944634606534,530326071676.9967,9605264398161.697,-14970.611720217259,-826.8944634606534,-14970.611720217259,0.00019467119649044985,NONE
262189339901.86288,-1180764411607.7432,3267.5662942642803,-1180764411607.7432,5317549734468.559,-14724.363770411335,3267.5662942642803,-14724.363770411335,0.0003116186939663899,NONE
624660216554.8218,-1099057386913.1086,6797.319472657569,-1099057386913.1086,1933734799483.6833,-11958.770597211003,6797.319472657569,-11958.770597211003,0.0002522504360029256,NONE
1089108653745.3676,-1277076034421.6963,11168.395861461891,-1277076034421.6963,1497484457753.9136,-13098.585132799286,11168.395861461891,-13098.585132799286,0.00044156891215219317,NONE
5712457976322.498,-864315423200.258,14375.675991481005,-864315423200.258,130774057158.0607,-2175.538284807383,14375.675991481005,-2175.538284807383,0.00022382714223159102,NONE
4973756735751.535,1999527821539.5781,1930.7065981949866,1999527821539.5781,803841492911.8303,774.603994616856,1930.7065981949866,774.603994616856,0.00030244687911830007,NONE
1753580652082.2227,472512457592.20746,-942.0205878439401,472512457592.20746,127321363372.07434,-252.76379134445938,-942.0205878439401,-252.76379134445938,0.00020956715628897956,NONE
1860364114.8836238,14338197763.383963,193.20137269256747,14338197763.383963,110508599510.7346,1507.7457670399328,193.20137269256747,1507.7457670399328,0.000587138127776968,NONE
902104642640.3597,665455663019.0721,2449.60764205768,665455663019.0721,490886878185.99945,1812.8708638532453,2449.60764205768,1812.8708638532453,0.000711384379044943,NONE
544453850213.95807,-416340422548.51685,-671.4207397843667,-416340422548.51685,318372979159.0187,516.4123845982243,-671.4207397843667,516.4123845982243,0.0007615516351862871,NONE
3205251765200.4473,-446315625863.9708,-4030.0363642908364,-446315625863.9708,62147308225.42792,564.1047759456562,-4030.0363642908364,564.1047759456562,0.0007385715927201013,NONE
517327179175.508,60820057726.88594,-1991.8878990295552,60820057726.88594,7150426292.297345,-231.3362036422884,-1991.8878990295552,-231.3362036422884,0.0007094326579049077,NONE
4853115494.260462,-66736578835.55403,27.4867367671052,-66736578835.55403,917727690693.9021,-387.59494930483487,27.4867367671052,-387.59494930483487,0.0006826868789827466,NONE
16334009255.355331,-279395505239.4976,-54.41787771228296,-279395505239.4976,4779108820108.943,970.5913349539684,-54.41787771228296,970.5913349539684,0.0004504605741998264,NONE
55684338442.02214,-763119594863.4648,-158.03290095563136,-763119594863.4648,10458090655401.553,2177.821014890957,-158.03290095563136,2177.821014890957,0.0002239504750796784,NONE
311958074438.4727,1861911561433.0388,-1318.363212050071,1861911561433.0388,11112759235045.744,-7870.51086055112,-1318.363212050071,-7870.51086055112,0.00012046082082674206,NONE
388269836925.3218,2876622480946.12,1049.7586628500317,2876622480946.12,21312388069754.81,7780.387175594875,1049.7586628500317,7780.387175594875,5.4284383354849456e-05,NONE
373039320954.26776,3115592397783.456,158.0689153162708,3115592397783.456,26021162038182.2,1323.4470861259365,158.0689153162708,1323.4470861259365,6.843588392565219e-05,NONE
12328170196786.629,-9187947575060.363,8565.338870935668,-9187947575060.363,6847600239970.887,-6384.300742142562,8565.338870935668,-6384.300742142562,0.00019578281871758242,NONE
5964212237674.688,-9118194534879.186,-4510.441160099619,-9118194534879.186,13940059313011.941,6893.252613921379,-4510.441160099619,6893.252613921379,0.00015525278878067292,NONE
120355270874.5772,-1247014547838.5876,-302.7235102050823,-1247014547838.5876,12920460628091.482,3128.6575571487015,-302.7235102050823,3128.6575571487015,0.0003952878184854806,NONE
5616014342256.686,6567402302529.139,5185.100405864064,6567402302529.139,7679961471003.026,6060.24248647879,5185.100405864064,6060.24248647879,0.0004231778913019384,NONE
1175361284993.5554,-513476624484.33154,325.3089777766415,-513476624484.33154,224321048081.42578,-142.82788739805395,325.3089777766415,-142.82788739805395,0.00015327328835726758,NONE
734214355375.4415,713003632422.6288,-4176.604510640968,713003632422.6288,692405710351.2721,-4056.428677449179,-4176.604510640968,-4056.428677449179,0.0001717222045797338,NONE
418418330604.79236,887810053572.9294,-3340.1171418948074,887810053572.9294,1883776805094.4807,-7087.695321829522,-3340.1171418948074,-7087.695321829522,0.00021443965811594325,NONE
45545282772.85443,458262627719.193,-1521.1588687310862,458262627719.193,4610902819754.245,-15302.637565653897,-1521.1588687310862,-15302.637565653897,0.00023281611041437258,NONE
5169555609.787833,148864861552.62582,-532.4092786887874,148864861552.62582,4286824467134.755,-15308.505283592523,-532.4092786887874,-15308.505283592523,0.0002458708407185943,NONE
643167707853.4718,3970233499541.7246,-5151.442896672262,3970233499541.7246,24508000466664.71,-31777.669354122947,-5151.442896672262,-31777.669354122947,0.001192001515966153,NONE
229244180245.93018,2474054997091.9707,-2642.2319490635246,2474054997091.9707,26700561938804.816,-28494.832092769117,-2642.2319490635246,-28494.832092769117,0.0007606048780415737,NONE
96662278709.90837,-987384058743.1996,1294.576642831189,-987384058743.1996,10085913108403.236,-13223.286225628632,1294.576642831189,-13223.286225628632,0.00029902089381064225,NONE
149210358510.93463,1446849239710.9124,-1004.7456807653963,1446849239710.9124,14029675564319.44,-9728.31841606436,-1004.7456807653963,-9728.31841606436,0.00024325235851292948,NONE
347241632847.39795,1615526051975.799,-457.7189250019809,1615526051975.799,7516162713462.906,-2118.3833958807368,-457.7189250019809,-2118.3833958807368,0.00029753362474884256,NONE
397821816885.22455,1555233762260.0562,-82.83300844051386,1555233762260.0562,6079988764496.191,-318.1520996083908,-82.83300844051386,-318.1520996083908,0.0001489589032250236,NONE
395599359204.4285,1427919109663.2195,1060.9681389946409,1427919109663.2195,5154086007361.835,3834.3359166185683,1060.9681389946409,3834.3359166185683,0.00013178511056774337,NONE
309857515094.41144,1967202802765.9417,534.7163225740932,1967202802765.9417,12489247226970.283,3396.5123767297673,534.7163225740932,3396.5123767297673,6.31116141537619e-05,NONE
450659345125.58057,-1817088648137.9326,961.1018412322021,-1817088648137.9326,7326623685364.735,-3879.1255461592054,961.1018412322021,-3879.1255461592054,6.859309331672323e-05,NONE
3450958029124.5273,-6002788765401.711,5152.298670402181,-6002788765401.711,10441585496066.34,-8964.257039315187,5152.298670402181,-8964.257039315187,0.00025627875934866113,NONE
3011305235049.9644,-8103625488548.532,8085.492406454247,-8103625488548.532,21807402996724.035,-21756.433912705004,8085.492406454247,-21756.433912705004,0.00014111982914429867,NONE
5011209359362.267,-11685882664838.97,15387.450177726365,-11685882664838.97,27250877973345.87,-35882.89454737878,15387.450177726365,-35882.89454737878,0.00010388833383704144,NONE
8631547601731.51,-11371425335555.955,25502.917112279527,-11371425335555.955,14981011621600.49,-33599.24407758271,25502.917112279527,-33599.24407758271,0.00028268834964590046,NONE
6895402486214.055,-7577700107762.664,21310.060361634158,-7577700107762.664,8327510852346.673,-23418.34755359373,21310.060361634158,-23418.34755359373,0.00018807148927066166,NONE
5781774322858.986,-3859938197036.734,20616.924398173705,-3859938197036.734,2576911900574.943,-13763.03956668942,20616.924398173705,-13763.03956668942,0.00026376795400103305,NONE
7240107943468.386,-3147365409786.0615,24019.96509216851,-3147365409786.0615,1368199110786.8616,-10442.284828231353,24019.96509216851,-10442.284828231353,0.00020104790322877046,NONE
6321958665851.489,-1078045023816.4951,21887.562853528303,-1078045023816.4951,183832463118.10635,-3733.134590087561,21887.562853528303,-3733.134590087561,0.00018880339267467674,NONE
5476214614891.649,302106171639.69354,18750.574529575613,302106171639.69354,16666316941.218916,1033.1044129189254,18750.574529575613,1033.1044129189254,0.00014909226282569074,NONE
9566285268069.457,2581590378364.5894,-1015.205259043938,2581590378364.5894,696676801067.5376,-273.12243342632917,-1015.205259043938,-273.12243342632917,0.0002606786688987262,NONE
2849643086233.503,1132894304799.606,-6845.216325695857,1132894304799.606,450389711676.36127,-2715.337998697051,-6845.216325695857,-2715.337998697051,0.0003674920601133054,NONE
804326475773.5615,444064712858.66815,-4064.16038608332,444064712858.66815,245166277552.86755,-2236.8587884744775,-4064.16038608332,-2236.8587884744775,0.00023679387462825102,NONE
453860314332.9244,1384410486982.7148,-1992.44154126371,1384410486982.7148,4222870965222.361,-6052.773083479201,-1992.44154126371,-6052.773083479201,0.0003804556311064236,NONE
33025977111.5694,631597719418.9896,-393.9715440811543,631597719418.9896,12078918732963.791,-7441.021303067082,-393.9715440811543,-7441.021303067082,0.0008848042043451272,NONE
274832554894.03687,-1265731162432.6423,-537.5000373231843,-1265731162432.6423,5829280334385.471,2471.707877273133,-537.5000373231843,2471.707877273133,0.0005800669178285075,NONE
275934532184.7881,-547517793665.27374,-1171.4890030419783,-547517793665.27374,1086403399841.6189,2325.8702417710692,-1171.4890030419783,2325.8702417710692,0.001217378710400383,NONE
164674148038.95,-335270291902.5645,-346.8001132997242,-335270291902.5645,682598446732.6527,701.4623264749829,-346.8001132997242,701.4623264749829,0.0005489216966868297,NONE
502976272098.94775,-847073394131.3263,1847.3436217870249,-847073394131.3263,1426576991563.4292,-3123.588912610143,1847.3436217870249,-3123.588912610143,0.0001696830341998712,NONE
9304536372.866405,201654560825.69778,169.45429484419344,201654560825.69778,4370449973259.38,3681.3465239131933,169.45429484419344,3681.3465239131933,2.617981179302032e-05,NONE
124309209092.1991,-873772988561.2787,-377.48427469050864,-873772988561.2787,6141776244482.719,2650.0990918585762,-377.48427469050864,2650.0990918585762,2.6821054090101125e-05,NONE
1485453597792.4038,-1921060501717.858,-1388.0130733143992,-1921060501717.858,2484408453508.024,1794.8683766456215,-1388.0130733143992,1794.8683766456215,3.266300247388507e-05,NONE
2786162882045.2935,-5139218636343.5,-3309.363660185186,-5139218636343.5,9479549273315.816,6104.092950917791,-3309.363660185186,6104.092950917791,4.906872716065948e-05,NONE
4734651667697.001,-7704781523594.985,-3304.4616885555038,-7704781523594.985,12538125861502.691,5377.376672772263,-3304.4616885555038,5377.376672772263,5.224078516783328e-05,NONE
4154272661879.1562,-6679548471082.149,-70.92084156912384,-6679548471082.149,10739874757910.361,114.34718587824656,-70.92084156912384,114.34718587824656,3.321435041002959e-05,NONE
6516099182783.456,-8152543605435.036,2908.921225999581,-8152543605435.036,10199962540211.324,-3639.573235228609,2908.921225999581,-3639.573235228609,8.217453917395872e-05,NONE
8955017931789.441,-10293471986973.465,4796.316392847617,-10293471986973.465,11831976983801.18,-5514.082155010773,4796.316392847617,-5514.082155010773,7.849748024483598e-05,NONE
2569234838073.8374,-1786086918900.6392,4629.6708939236805,-1786086918900.6392,1241656307088.5752,-3218.694000269228,4629.6708939236805,-3218.694000269228,8.953918870112518e-05,NONE
11928965776140.283,-1877028834610.0337,2451.5780515454126,-1877028834610.0337,295351472550.6438,-385.26499694004235,2451.5780515454126,-385.26499694004235,0.00014884808063878128,NONE
10240571735681.56,-1894648175024.003,-3182.0790317160436,-1894648175024.003,350536266223.1963,588.4175420651942,-3182.0790317160436,588.4175420651942,8.334238780953002e-05,NONE
238813201360.6903,387537060649.2485,-344.82605203176723,387537060649.2485,628880619828.9103,-559.8174634682349,-344.82605203176723,-559.8174634682349,5.635300459454255e-05,NONE
431938138447.89374,175014795120.6202,-1613.0858970878792,175014795120.6202,70913353146.23245,-653.5465804162624,-1613.0858970878792,-653.5465804162624,4.693589779064897e-05,NONE
212112864413.3498,328318932352.58295,-1346.8037165223914,328318932352.58295,508188560869.5606,-2084.7419252544546,-1346.8037165223914,-2084.7419252544546,2.8689106548575494e-05,NONE
376266539753.8644,617176411176.571,-2211.091384108107,617176411176.571,1012332208945.0043,-3626.6642792843954,-2211.091384108107,-3626.6642792843954,2.7755555278773646e-05,NONE
666703799296.1678,692833012165.8606,-3200.8721832018095,692833012165.8606,719986282078.3444,-3326.0298619381715,-3200.8721832018095,-3326.0298619381715,4.403354265955306e-05,NONE
227013234675.70102,545619576152.5748,-1967.5923975870169,545619576152.5748,1311380499667.3147,-4728.349701254685,-1967.5923975870169,-4728.349701254685,5.8288938733409285e-05,NONE
21518435889.212196,-278242152292.7498,625.2548878400637,-278242152292.7498,3597785101586.2305,-8085.867411251893,625.2548878400637,-8085.867411251893,5.696757336570452e-05,NONE
27444702311197.438,-57849523461669.17,-24946.571253650196,-57849523461669.17,121938556430392.4,52569.418143808,-24946.571253650196,52569.418143808,0.0004981763017651337,NONE
58737105847429.64,-133236525812770.5,21911.599216938474,-133236525812770.5,302227555119148.3,-49729.88416410002,21911.599216938474,-49729.88416410002,0.0009439207455962659,NONE
7928274701440.154,-35839741054430.09,18436.85748387758,-35839741054430.09,162013439674887.78,-83343.30145313912,18436.85748387758,-83343.30145313912,0.00042209013696398987,NONE
2402577014903.3267,-4086732427117.208,-15439.497042248446,-4086732427117.208,6951445652767.328,26258.379450532015,-15439.497042248446,26258.379450532015,0.0004196216749344279,NONE
13138922265359.176,-16157723141474.139,8204.39947942141,-16157723141474.139,19870124449551.38,-10089.183063966408,8204.39947942141,-10089.183063966408,0.00010189938464797135,NONE
1203622729142.5427,-1299328319049.517,-6263.1291030340335,-1299328319049.517,1402644140249.8962,6757.739850823268,-6263.1291030340335,6757.739850823268,0.0002129682127278011,NONE
3197108064732.9146,-12940192106573.955,-15685.420896789496,-12940192106573.955,52375012490198.72,63468.616967167625,-15685.420896789496,63468.616967167625,0.0011213173700147154,NONE
93995497557.3312,-568860815747.4703,-3570.4499883722688,-568860815747.4703,3442749393296.5645,21581.333544101763,-3570.4499883722688,21581.333544101763,0.0012666771060131975,NONE
2303969699134.673,413007831881.9069,29340.249059447047,413007831881.9069,74035832455.86664,5259.3635251668575,29340.249059447047,5259.3635251668575,0.0008201483537281621,NONE
8124399178016.416,-12136903206186.996,45322.45009012441,-12136903206186.996,18131116429881.65,-67722.55676466813,45322.45009012441,-67722.55676466813,0.0007786496533910103,NONE
12730746739945.516,-32270268661303.727,54767.21412298483,-32270268661303.727,81799621470806.97,-138844.3806298312,54767.21412298483,-138844.3806298312,0.000977846023531231,NONE
6729433969311.333,-12205487531750.08,42294.77060357798,-12205487531750.08,22137661174117.793,-76711.55071175031,42294.77060357798,-76711.55071175031,0.0015891187396435916,NONE
8272562866027.991,-14463937720721.389,36000.30403746002,-14463937720721.389,25289079453129.777,-62947.964400918514,36000.30403746002,-62947.964400918514,0.0017998648547258545,NONE
13010590381443.299,-16139921048260.639,54401.741265044664,-16139921048260.639,20021924366040.652,-67488.34443176983,54401.741265044664,-67488.34443176983,0.0010647672933300786,NONE
19701041886164.574,-18541488880788.25,43059.44972329958,-18541488880788.25,17450184610921.684,-40518.419675853664,43059.44972329958,-40518.419675853664,0.0005252239391143965,NONE
2121793711065.4282,3245165305359.0684,13458.221324867569,3245165305359.0684,4963301663092.427,20599.820904715012,13458.221324867569,20599.820904715012,0.0007040849615919272,NONE
789355553203.3677,-909138850342.6669,1890.3501363958308,-909138850342.6669,1047099085184.4639,-2177.0239298103106,1890.3501363958308,-2177.0239298103106,0.00016777883206512656,NONE
854321423430.7317,-3107228541328.694,734.3380532194636,-3107228541328.694,11301214254308.975,-2671.5781489817336,734.3380532194636,-2671.5781489817336,0.00012502003815508786,NONE
136614411394.03537,-1289242256864.4983,1977.0893303358973,-1289242256864.4983,12166694220837.555,-18651.570652679253,1977.0893303358973,-18651.570652679253,0.00017215995986810402,NONE
3134161720.0948973,85556611949.92197,-575.4017485561907,85556611949.92197,2335560030917.885,-15736.9260988751,-575.4017485561907,-15736.9260988751,0.0007318284011312666,NONE
6930220834772.212,-17665093730759.918,38716.76563166775,-17665093730759.918,45028224133600.25,-98692.25310403483,38716.76563166775,-98692.25310403483,0.0009313308212053915,NONE
3719915955711.1484,-9965764716221.332,26017.678343326483,-9965764716221.332,26698578231351.19,-69706.31614848285,26017.678343326483,-69706.31614848285,0.0009328072591448398,NONE
8433908273383.599,-16688031022365.627,36313.72244911423,-16688031022365.627,33020323732368.117,-71858.29230997515,36313.72244911423,-71858.29230997515,0.0009200998859075944,NONE
6066977825542.563,-11242467385258.045,27221.620580221082,-11242467385258.045,20832954960501.477,-50454.70838093497,27221.620580221082,-50454.70838093497,0.0009131632394334576,NONE
7943319441356.809,-6298995969580.121,38198.74941319095,-6298995969580.121,4995059326321.015,-30298.066377659696,38198.74941319095,-30298.066377659696,0.0012678002410577683,NONE
4466486683865.672,4331951789084.3027,33446.08401544437,4331951789084.3027,4201469299955.4844,32441.572393336417,33446.08401544437,32441.572393336417,0.0021218291134795686,NONE
8704395983807.891,1212119988094.0732,38593.435566086984,1212119988094.0732,168792530854.04822,5367.440327912916,38593.435566086984,5367.440327912916,0.0014775399313055042,NONE
9665582837593.17,-4547867154163.68,15590.022540320664,-4547867154163.68,2139870710278.315,-7339.526074815486,15590.022540320664,-7339.526074815486,0.00029135552655524464,NONE
14479640382665.934,-21253211346466.043,-279.20681469339394,-21253211346466.043,31195456835899.895,406.5683595757794,-279.20681469339394,406.5683595757794,0.00014041494684537131,NONE
2644064549599.239,-5036929416030.603,-1495.7833757074309,-5036929416030.603,9595324884518.068,2848.538170645407,-1495.7833757074309,2848.538170645407,6.297192908755187e-05,NONE
4990439396596.027,-14218327537432.48,-12102.079812156879,-14218327537432.48,40509626952940.195,34479.73001232498,-12102.079812156879,34479.73001232498,8.111525052022609e-05,NONE
2514836174088.774,-2016374367523.9678,9713.995334371763,-2016374367523.9678,1616711926008.4329,-7788.526854656053,9713.995334371763,-7788.526854656053,0.0002055625649777704,NONE
7290301473222.55,-5827924375286.327,23850.060581221627,-5827924375286.327,4658888682946.291,-19066.37771496795,23850.060581221627,-19066.37771496795,0.0002402507319819349,NONE
13186086722253.965,-6186456584947.383,40277.51664947923,-6186456584947.383,2902471956336.1426,-18901.4683917251,40277.51664947923,-18901.4683917251,0.0004912189467021592,NONE
7009008328105.314,708302796940.112,38364.365943196644,708302796940.112,71578389228.71222,3871.065048391585,38364.365943196644,3871.065048391585,0.0008555651154417153,NONE
14666175562594.965,-23479664054137.727,53724.89149457897,-23479664054137.727,37589529050035.14,-86020.89762301493,53724.89149457897,-86020.89762301493,0.000746191930346028,NONE
12574800262875.164,-12317264238066.117,37189.51707326854,-12317264238066.117,12065002837669.828,-36432.424437734524,37189.51707326854,-36432.424437734524,0.0014180609168824776,NONE
12606194083083.121,-20958527634191.68,27266.808370452585,-20958527634191.68,34844766061503.824,-45328.725068219355,27266.808370452585,-45328.725068219355,0.0013671557862976389,NONE
10911995569570.805,-17512230119184.232,32695.62359542997,-17512230119184.232,28104685809728.227,-52468.6412420694,32695.62359542997,-52468.6412420694,0.0005605251168103633,NONE
2854637993693.908,-177870952957.76013,20934.99059017184,-177870952957.76013,11083070814.625425,-1303.4123621602382,20934.99059017184,-1303.4123621602382,0.0005415092628533252,NONE
1096767638903.2964,1533707730360.3894,7127.493553456164,1533707730360.3894,2144720075525.4995,9970.539973777293,7127.493553456164,9970.539973777293,0.00018865913297780128,NONE
314686546298.94684,130818660574.6836,-1.4241000126933854,130818660574.6836,54382788386.52893,0.13953278468911723,-1.4241000126933854,0.13953278468911723,4.119670840644368e-05,NONE
113807918091.52734,-720716753158.7452,471.1050746038741,-720716753158.7452,4564117807063.762,-2981.5816561905417,471.1050746038741,-2981.5816561905417,2.909149843701281e-05,NONE
18979678849.318974,-25200750382.51226,569.828887790062,-25200750382.51226,33461066017.076916,-756.635071291321,569.828887790062,-756.635071291321,0.00011821470271313859,NONE
60746990792.47777,24396163916.96021,2203.4373684031825,24396163916.96021,9797648666.968801,885.2776433358771,2203.4373684031825,885.2776433358771,0.00023940145247823832,NONE
6874312613895.852,-18908227931956.758,23182.262620630194,-18908227931956.758,52008266938133.29,-63772.770832798284,23182.262620630194,-63772.770832798284,0.0006371727370089142,NONE
9840704813030.334,-26236694755145.25,31190.5426048081,-26236694755145.25,69950696412493.68,-83163.58752957039,31190.5426048081,-83163.58752957039,0.000820098925659907,NONE
9414133047296.195,-19104768994349.11,36992.54695673309,-19104768994349.11,38770665482198.25,-75071.27815540468,36992.54695673309,-75071.27815540468,0.0008562486295290089,NONE
5950231856896.315,-7114696165442.865,36490.110542135466,-7114696165442.865,8507047041812.916,-43636.5756372953,36490.110542135466,-43636.5756372953,0.0012007868840977058,NONE
4955523124327.603,-7667517824232.0625,27227.707687270795,-7667517824232.0625,11863698247707.74,-42139.18185290282,27227.707687270795,-42139.18185290282,0.0007883162329933055,NONE
490249600252.12714,1666761845661.1865,7975.1040038472465,1666761845661.1865,5666695874999.025,27124.57591645611,7975.1040038472465,27124.57591645611,0.0004689121852757571,NONE
24478882536.858654,-778787066079.6722,-1423.7090347617773,-778787066079.6722,24776907435325.465,45176.457276829686,-1423.7090347617773,45176.457276829686,0.0004225701379495202,NONE
6414696811.696231,-351937036861.76587,-519.2944425849771,-351937036861.76587,19308924281767.453,28374.871671491208,-519.2944425849771,28374.871671491208,0.0002846153557923712,NONE
1305880724309.027,-1486517087096.4927,5513.04620176563,-1486517087096.4927,1692140248726.5261,-6276.832100141854,5513.04620176563,-6276.832100141854,0.00012475501407401267,NONE
2878774827581.1694,-4199619968575.4805,3907.8204333257095,-4199619968575.4805,6126498097551.392,-5697.900069058954,3907.8204333257095,-5697.900069058954,7.376125461610634e-05,NONE
1410147177329.5447,-1336720780907.881,474.23193777185395,-1336720780907.881,1267117741052.7449,-449.7514394212342,474.23193777185395,-449.7514394212342,3.4416102656174086e-05,NONE
2645280889466.458,-6212190639631.973,-997.3656716858862,-6212190639631.973,14588739216655.848,2339.9181581915477,-997.3656716858862,2339.9181581915477,9.696208509345311e-05,NONE
1677441693358.5427,-2907934894562.1675,-2084.1347504519313,-2907934894562.1675,5041060751255.647,3612.4526548364993,-2084.1347504519313,3612.4526548364993,0.0001513807684983726,NONE
2516216496110.4683,-3489966927708.947,-3188.7225939459076,-3489966927708.947,4840549059925.126,4419.850068580118,-3188.7225939459076,4419.850068580118,0.0003002809456107309,NONE
391404529150.37506,1150723534667.8105,-1168.3914892903335,1150723534667.8105,3383111057381.3135,-3418.4336472757695,-1168.3914892903335,-3418.4336472757695,0.00041852164449337803,NONE
3355125137378.4204,-1923447405865.099,-6034.459648508172,-1923447405865.099,1102686269379.5608,3455.536090075576,-6034.459648508172,3455.536090075576,0.0002655169164586894,NONE
2256514916682.919,-327911751597.77106,-5695.543128837695,-327911751597.77106,47651543277.29639,825.1602348495027,-5695.543128837695,825.1602348495027,0.00022791034917568143,NONE
3629737749536.8447,-219097448383.45517,-6224.259407990816,-219097448383.45517,13225175742.08854,373.6413850708502,-6224.259407990816,373.6413850708502,0.00022154472364157405,NONE
36333323284.69968,851704740423.5032,335.59947971683056,851704740423.5032,19965208309272.184,7905.86859656697,335.59947971683056,7905.86859656697,0.00011604373828644474,NONE
3424413461291.0757,-408563397266.0746,1777.1656630004377,-408563397266.0746,48745305750.45373,-212.07861231842182,1777.1656630004377,-212.07861231842182,2.4523700386165177e-05,NONE
5237170593006.579,-3980898937354.188,1692.167853160754,-3980898937354.188,3025976769404.908,-1286.2283151373933,1692.167853160754,-1286.2283151373933,7.866006854538636e-05,NONE
10493896619311.275,-19460211723943.75,11335.026082394998,-19460211723943.75,36087628376047.0,-21018.359191268133,11335.026082394998,-21018.359191268133,9.159320338969115e-05,NONE
216507334648.6112,-418671902906.8602,-2757.3232117561342,-418671902906.8602,809608974907.2142,5337.692795168635,-2757.3232117561342,5337.692795168635,0.0003338341148650228,NONE
5260775726712.124,-9599645250400.678,-16262.819444474819,-9599645250400.678,17517034908823.854,29678.407455214536,-16262.819444474819,29678.407455214536,0.0003153661749777623,NONE
17308704466873.096,-24334221060573.613,-35842.28692133915,-24334221060573.613,34211360076542.85,50390.76581178394,-35842.28692133915,50390.76581178394,0.0003519822183206049,NONE
6827581685573.297,-1438854409045.2205,-24176.127993359547,-1438854409045.2205,303226287598.82135,5093.798657924307,-24176.127993359547,5093.798657924307,0.0002916610307941825,NONE
3774724305883.652,9317221971967.97,-18874.419696515622,9317221971967.97,22997873203023.836,-46587.1576890305,-18874.419696515622,-46587.1576890305,0.000274984339076106,NONE
34323973420602.75,-43152182402118.52,53877.37418661291,-43152182402118.52,54251029364763.12,-67749.7704521053,53877.37418661291,-67749.7704521053,0.00057148176433017,NONE
58523411578661.56,-42697205185181.77,123836.71620491624,-42697205185181.77,31150805245566.68,-90355.85637554037,123836.71620491624,-90355.85637554037,0.0011174273122178126,NONE
49483595593187.56,-6162246639901.517,128032.82661760424,-6162246639901.517,767391626325.4847,-15945.222458537923,128032.82661760424,-15945.222458537923,0.0013385762039823564,NONE
59793920468648.17,-2389583499554.8906,148763.79542714,-2389583499554.8906,95496821496.77177,-5959.9112166181085,148763.79542714,-5959.9112166181085,0.0016583315944932683,NONE
64589775797009.984,18995832330256.285,48996.12480857928,18995832330256.285,5586668494373.23,14402.768154037665,48996.12480857928,14402.768154037665,0.00043018479495366985,NONE
16172091552889.207,22826852332922.14,-2401.9503164831763,22826852332922.14,32220024856243.902,-3390.0175876430453,-2401.9503164831763,-3390.0175876430453,0.00014537075547497354,NONE
23817109331233.574,-1095982046466.7152,-21346.71191214387,-1095982046466.7152,50433444674.56268,980.8837296863658,-21346.71191214387,980.8837296863658,0.00023072902318311674,NONE
18794724058507.53,-14600000879934.08,-20033.244995545745,-14600000879934.08,11341482322871.785,15561.24382511294,-20033.244995545745,15561.24382511294,0.0005355055564922325,NONE
8347569567934.815,-17271882876408.67,-32767.816227603722,-17271882876408.67,35737101893760.65,67788.8848794111,-32767.816227603722,67788.8848794111,0.0007680511161505849,NONE
18736414950989.113,10221378337152.691,80255.7050967962,10221378337152.691,5576124424566.979,43774.37849289647,80255.7050967962,43774.37849289647,0.002996678879310549,NONE
28357170223107.68,24529262275830.207,126348.89505359475,24529262275830.207,21218080369219.965,109293.8291886711,126348.89505359475,109293.8291886711,0.0022311562870658054,NONE
84553119703179.14,-6693827975439.949,222350.1768411881,-6693827975439.949,529931336995.89264,-17603.355032927742,222350.1768411881,-17603.355032927742,0.0023048685598375924,NONE
66328416152724.76,-18152255160766.85,229845.9992674187,-18152255160766.85,4967770835014.474,-62905.88350707581,229845.9992674187,-62905.88350707581,0.001850324469500157,NONE
53643834895353.16,-52907149646448.32,148979.61713109718,-52907149646448.32,52180581347362.875,-146937.16398510977,148979.61713109718,-146937.16398510977,0.0013135396678852578,NONE
44227883727266.63,-30750941130454.367,133731.80264343455,-30750941130454.367,21380638362507.94,-92984.6789086085,133731.80264343455,-92984.6789086085,0.0009666407220966033,NONE
77930818066477.73,-89447470417006.38,111961.02979431357,-89447470417006.38,102666059074264.89,-128502.43564873183,111961.02979431357,-128502.43564873183,0.0010962370028992597,NONE
69931464896856.484,-57662664971909.39,115745.42940170971,-57662664971909.39,47546307499471.266,-95439.45842686763,115745.42940170971,-95439.45842686763,0.0007742801525543094,NONE
35064297353813.395,-39284941271469.45,66419.17153942601,-39284941271469.45,44013618654571.26,-74416.16473416955,66419.17153942601,-74416.16473416955,0.0008822816620117695,NONE
6516611999224.833,5896865566831.913,-18345.007113974694,5896865566831.913,5336058657576.409,-16602.449647384365,-18345.007113974694,-16602.449647384365,0.00034666585274163264,NONE
2107337312900.249,-7996148186201.992,11560.480589724151,-7996148186201.992,30340841503031.414,-43872.13782091655,11560.480589724151,-43872.13782091655,0.0005774218524763727,NONE
28233638702015.95,-36104501219060.14,55511.07443164609,-36104501219060.14,46169571875930.64,-70985.82723364889,55511.07443164609,-70985.82723364889,0.0007140106525335016,NONE
17720055294638.406,-47566813707144.97,48984.770309017666,-47566813707144.97,127685931788707.61,-131494.7657212435,48984.770309017666,-131494.7657212435,0.0006831805789462605,NONE
42843351763381.94,-74194999950029.78,98709.25438229792,-74194999950029.78,128488967237003.08,-170942.9838919237,98709.25438229792,-170942.9838919237,0.0011099926617475088,NONE
76864598742357.84,-80938769581246.83,141173.87268462236,-80938769581246.83,85228889984224.47,-148662.30254690515,141173.87268462236,-148662.30254690515,0.0011647331719238595,NONE
83275940831349.9,-77432976715808.77,168826.4718047988,-77432976715808.77,71999977949534.66,-156978.88902726182,168826.4718047988,-156978.88902726182,0.001224727475850709,NONE
47206506609292.31,-16656233743829.121,137320.82653703858,-16656233743829.121,5876946888089.379,-48451.62896375504,137320.82653703858,-48451.62896375504,0.0020268295477684694,NONE
34522568697249.504,936785537040.5974,109500.30748893833,936785537040.5974,25420288730.11829,2968.582468224822,109500.30748893833,2968.582468224822,0.0024464547330542204,NONE
38461932464048.83,-30562049781617.887,78854.34652873117,-30562049781617.887,24284762608043.484,-62666.235364037486,78854.34652873117,-62666.235364037486,0.0006266678753582799,NONE
34209698013742.09,-14694780613202.797,58930.19909877997,-14694780613202.797,6312145304897.76,-25315.58039527036,58930.19909877997,-25315.58039527036,0.00031435688278422827,NONE
30829090808282.48,-9931055185497.676,22670.180655616947,-9931055185497.676,3199116933823.4272,-7305.1586746258845,22670.180655616947,-7305.1586746258845,0.00012507684495150783,NONE
21029329260804.254,-15275479892690.416,-11564.472324620221,-15275479892690.416,11095945306572.719,8398.811545600754,-11564.472324620221,8398.811545600754,0.00011715511894666625,NONE
3699033541186.526,-3276770131620.008,-12429.244765250434,-3276770131620.008,2902710234644.2153,11010.226302657145,-12429.244765250434,11010.226302657145,0.00011211386059992829,NONE
105405195455.12904,136564869714.94943,2400.664846910808,136564869714.94943,176936014996.97195,3110.8731167924425,2400.664846910808,3110.8731167924425,0.00015154683022720238,NONE
2443006435810.0986,-1050328727498.5509,14609.709033625491,-1050328727498.5509,451570868750.4988,-6281.352089661065,14609.709033625491,-6281.352089661065,0.00028724494346505405,NONE
1362924146235.1238,2648793525742.242,14047.786409147193,2648793525742.242,5147834254611.365,27299.833156835182,14047.786409147193,27299.833156835182,0.0004999750831655856,NONE
12995218372529.912,-8506557202317.05,45430.84668640269,-8506557202317.05,5568318636969.31,-29741.596889423792,45430.84668640269,-29741.596889423792,0.0005374631604862815,NONE
21886014000402.69,-13597158259895.045,42961.11005628747,-13597158259895.045,8447528085867.269,-26685.397730299712,42961.11005628747,-26685.397730299712,0.0024318135274085132,NONE
11923110455525.783,-9220819057224.77,33565.35469103866,-9220819057224.77,7130983822549.032,-25943.146154956412,33565.35469103866,-25943.146154956412,0.002212531427221445,NONE
7755237667958.623,-11466369433926.318,29282.47484548003,-11466369433926.318,16953397979883.055,-43290.26978986868,29282.47484548003,-43290.26978986868,0.0008376238423478632,NONE
6504026180761.038,-6436172452966.892,32604.967588193518,-6436172452966.892,6369026670274.316,-32267.45832844425,32604.967588193518,-32267.45832844425,0.0005114268413234502,NONE
1619811609973.8826,-1615572247053.3948,14457.231663446903,-1615572247053.3948,1611344173055.8242,-14421.901189732773,14457.231663446903,-14421.901189732773,0.0004430964580631633,NONE
5207491720.41379,100261782103.61284,-452.55522661835084,100261782103.61284,1930392642542.8254,-8695.760978198989,-452.55522661835084,-8695.760978198989,0.00024246635598361113,NONE
1011030258257.7274,1735505080043.1582,-210.43695091306168,1735505080043.1582,2979117804458.442,-364.8728639539831,-210.43695091306168,-364.8728639539831,0.00032352458758263695,NONE
2868137468393.8237,-164631841248.36063,3380.607692935946,-164631841248.36063,9449994384.169992,-191.34996898502843,3380.607692935946,-191.34996898502843,0.00017687668609205537,NONE
7629515857041.836,-10170396152006.889,2729.049168095488,-10170396152006.889,13557473980566.447,-3639.792705499266,2729.049168095488,-3639.792705499266,5.88730462456658e-05,NONE
1227034633858.0193,-1012900948733.2261,12007.340019526135,-1012900948733.2261,836136471313.5743,-9910.294571692088,12007.340019526135,-9910.294571692088,0.00036353354886413223,NONE
92394644806.32555,430188728222.3485,3874.408622124658,430188728222.3485,2002955911742.154,18027.992614763054,3874.408622124658,18027.992614763054,0.0006737953881414863,NONE
8005496096159.101,-30198941097139.24,48218.87534682593,-30198941097139.24,113918742652056.36,-181918.0489057226,48218.87534682593,-181918.0489057226,0.0013117800680693915,NONE
332400455174.8908,-3852092380574.623,11558.737746257306,-3852092380574.623,44640793364464.78,-134071.9408516539,11558.737746257306,-134071.9408516539,0.0018462761095575833,NONE
3758555613538.116,3042369722944.915,-37800.71218328672,3042369722944.915,2462652259560.855,-30586.084002953285,-37800.71218328672,-30586.084002953285,0.0014811025657887745,NONE
7538516336785.844,-4612094422655.459,-36098.469490093215,-4612094422655.459,2821698126013.898,22080.22950878439,-36098.469490093215,22080.22950878439,0.000669320843664245,NONE
2879598128166.158,8130029380729.472,-23324.344869251887,8130029380729.472,22953687888440.867,-65847.28093299581,-23324.344869251887,-65847.28093299581,0.0007195573711657398,NONE
6744000391611.972,2307836219842.461,-32312.59178564905,2307836219842.461,789755022670.4171,-11060.072580745476,-32312.59178564905,-11060.072580745476,0.0007771211887858102,NONE
6940489420466.982,-5481211973227.294,-29474.89395427378,-5481211973227.294,4328756203911.335,23264.229244170107,-29474.89395427378,23264.229244170107,0.0009417410475236308,NONE
314626786186.12286,5033098876543.958,-1488.8712816384727,5033098876543.958,80514714688638.66,-23824.585058063967,-1488.8712816384727,-23824.585058063967,0.00015365395014270354,NONE
82441074637.80148,-2221532720393.509,-376.83482732627726,-2221532720393.509,59863495516570.78,10128.474464774099,-376.83482732627726,10128.474464774099,0.000182741778943891,NONE
43884709233.77567,389084687399.33813,-157.56395911437932,389084687399.33813,3449656845985.9424,-1381.445847099578,-157.56395911437932,-1381.445847099578,0.000156566223387024,NONE
230403541889.83936,-2558989130047.891,-1573.081758223745,-2558989130047.891,28421573387801.715,17367.0230084305,-1573.081758223745,17367.0230084305,0.0005409845880931419,NONE
984051594161.0314,-253968016815.25372,8030.877776471254,-253968016815.25372,65545458474.742485,-2060.4184421869654,8030.877776471254,-2060.4184421869654,0.0009764491918800482,NONE
169974979581.30725,101279379724.00095,-4913.330437967904,101279379724.00095,60347793007.011375,-2925.8508936392404,-4913.330437967904,-2925.8508936392404,0.0007350562697150695,NONE
1120407037754.9856,1553348575957.131,-6517.156591201089,1553348575957.131,2153585153715.1675,-9032.143284680753,-6517.156591201089,-9032.143284680753,0.00040016821538741413,NONE
1345744767661.3455,-1199969174196.166,-7457.026811089237,-1199969174196.166,1069984609031.9111,6646.0326388908525,-7457.026811089237,6646.0326388908525,0.0007024403964085512,NONE
